-0.016076
0.168357
-0.706789
1.213426
1.026100
-9.132182
16.448712
-0.233089
-52.375055
94.256548
-26.949290
-171.636175
321.569066
-152.263671
-347.402770
738.425631
-480.397532
-416.743678
1196.121682
-1008.799786
-167.406958
1365.833817
-1498.169130
396.438260
1026.789505
-1620.304214
973.622327
337.436935
-1308.344720
1275.978348
-327.348241
-821.004506
1322.811986
-791.504693
-383.017000
1275.969325
-1141.185993
52.557005
1114.246760
-1400.651593
570.905320
703.388278
-1417.589888
1042.453888
99.365428
-1129.545251
1288.551211
-476.388214
-692.012868
1330.450375
-928.542940
-239.801040
1273.803106
-1317.846115
269.055268
1071.787217
-1605.420189
849.839278
612.527450
-1590.724697
1292.978237
-6.680474
-1170.741426
1313.041057
-453.698759
-540.004285
844.360737
-421.949520
-86.019886
138.438727
125.110206
-126.730481
-379.311737
903.818515
-697.786614
-361.176932
1449.914330
-1488.880139
221.943441
1402.817182
-2004.269132
1013.531889
778.995057
-1904.781690
1500.603801
-16.787807
-1262.215073
1384.193923
-487.465031
-488.762686
763.334850
-375.858845
-36.158290
17.376894
226.583572
-142.348216
-438.481524
980.441098
-747.360749
-350.304572
1472.318638
-1530.252272
253.485789
1410.603331
-2045.466911
1039.288074
808.220096
-1962.357276
1516.950057
28.219795
-1298.281659
1339.387592
-409.760782
-455.942846
567.854673
-184.437452
22.367528
-317.637177
549.541087
-136.799584
-740.525810
1212.133578
-665.199158
-504.771243
1239.978416
-918.811705
-18.929020
616.070948
-463.590703
54.229073
-57.035715
435.695048
-503.746183
-149.248598
1016.633101
-1159.422083
292.331127
820.116903
-1163.273431
557.617896
223.955749
-409.033050
88.458163
26.532077
396.165296
-822.389697
504.177868
518.376667
-1317.015558
1060.900608
41.505540
-950.033643
917.777309
-239.808426
-205.087104
30.260104
251.343801
51.059045
-844.432046
1228.632260
-495.889758
-961.658575
1887.476757
-1353.323094
-304.691207
1749.118068
-1827.743850
544.154589
1027.925264
-1696.146561
1072.557056
245.789095
-1238.770445
1230.984119
-314.858756
-782.559593
1238.214607
-716.313800
-383.608588
1205.265465
-1079.984127
68.898700
1046.492211
-1365.198447
599.205340
668.585057
-1435.387537
1083.090237
120.023956
-1229.933862
1377.410313
-453.914844
-810.026723
1426.803834
-926.849596
-283.196583
1252.076489
-1233.261322
259.267907
900.545448
-1348.433141
748.385554
428.991296
-1275.607775
1136.027298
-103.643026
-1038.688989
1396.624954
-651.501816
-655.696628
1498.117585
-1162.669487
-136.351844
1370.928268
-1520.727436
446.236011
963.414550
-1547.294504
882.069223
378.489760
-1146.383560
899.043369
-73.592836
-483.899266
397.508125
-50.111454
26.393838
-373.010998
524.904774
1.809958
-924.412928
1331.076971
-590.808223
-881.644611
1855.440398
-1381.816295
-269.197271
1765.585038
-1866.246401
514.694294
1133.420505
-1753.721059
986.778089
356.970381
-1131.579418
881.715832
-109.077163
-374.466817
278.009729
-8.851888
85.484187
-474.620772
596.772539
-13.250490
-949.893501
1371.630646
-626.478386
-870.030620
1877.057951
-1414.954555
-267.368416
1809.330447
-1911.663568
505.047876
1190.691991
-1785.123544
950.514972
394.571401
-1067.150598
734.779868
-57.340029
-184.905254
-46.464479
138.980461
300.466402
-864.998054
778.697224
140.440813
-1132.614149
1237.467649
-330.452324
-724.185690
996.450287
-448.739304
-145.481370
176.515788
116.688274
-54.728190
-520.237950
950.060626
-538.679941
-527.501049
1267.462803
-959.602341
-56.857655
777.185013
-653.755541
123.864909
43.130705
263.567589
-396.907776
-146.911970
969.311786
-1138.659504
290.623646
862.367099
-1259.448186
632.356350
260.617842
-550.937507
219.633368
17.561456
297.504292
-739.803503
519.314682
477.911072
-1394.991458
1260.543668
-55.995452
-1202.023259
1458.592036
-619.396636
-466.883588
920.227355
-613.240721
82.596856
165.469658
-121.651696
89.839076
-214.670097
320.354442
-187.759076
-134.674995
369.232683
-318.741686
65.363757
148.589018
-181.859228
96.332535
-28.504467
23.300341
-20.344023
-31.713758
98.262908
-106.110491
37.843469
47.306239
-81.287603
54.584106
-10.373316
-12.108692
12.549705
-12.240731
19.534567
-22.742698
11.200405
8.433427
-20.156063
16.892834
-5.795805
-2.473980
4.635735
-4.218643
4.259680
-4.023152
2.037753
0.788611
-2.328203
2.063854
-1.319613
1.103577
-0.971007
0.199336
0.875233
-1.312519
0.898108
-0.337397
0.195859
-0.229034
-0.047480
0.548622
-0.751965
0.462521
-0.055292
-0.079479
0.022295
-0.091164
0.322826
-0.434119
0.254773
0.033366
-0.161921
0.120112
-0.100714
0.183655
-0.233512
0.123575
0.070169
-0.174438
0.144474
-0.088894
0.090663
-0.099675
0.033385
0.085510
-0.154286
0.126476
-0.060082
0.024701
-0.013624
-0.021744
0.083299
-0.116907
0.087456
-0.024821
-0.019180
0.033698
-0.045562
0.066636
-0.073557
0.044511
0.005724
-0.042208
0.050646
-0.045738
0.042079
-0.033758
0.009312
0.024732
-0.047315
0.046995
-0.032385
0.017227
-0.003903
-0.012745
0.030939
-0.039905
0.032705
-0.014956
-0.002155
0.013630
-0.021638
0.027198
-0.026349
0.016016
-0.000066
-0.013464
0.019974
-0.020689
0.018114
-0.012190
0.002272
0.009127
-0.017017
0.018370
-0.014373
0.008041
-0.001044
-0.006194
0.012357
-0.014964
0.012631
-0.006684
-0.000060
0.005610
-0.009399
0.011111
-0.010041
0.006003
-0.000293
-0.004893
0.007987
-0.008724
0.007497
-0.004638
0.000588
0.003606
-0.006528
0.007279
-0.005984
-0.016076
0.168357
-0.706789
1.213426
1.026100
-9.132182
16.448712
-0.233089
-52.375055
94.256548
-26.949290
-171.636175
321.569066
-152.263671
-347.402770
738.425631
-480.397532
-416.743678
1196.121682
-1008.799786
-167.406958
1365.833817
-1498.169130
396.438260
1026.789505
-1620.304214
973.622327
337.436935
-1308.344720
1275.978348
-327.348241
-821.004506
1322.811986
-791.504693
-383.017000
1275.969325
-1141.185993
52.557005
1114.246760
-1400.651593
570.905320
703.388278
-1417.589888
1042.453888
99.365428
-1129.545251
1288.551211
-476.388214
-692.012868
1330.450375
-928.542940
-239.801040
1273.803106
-1317.846115
269.055268
1071.787217
-1605.420189
849.839278
612.527450
-1590.724697
1292.978237
-6.680474
-1170.741426
1313.041057
-453.698759
-540.004285
844.360737
-421.949520
-86.019886
138.438727
125.110206
-126.730481
-379.311737
903.818515
-697.786614
-361.176932
1449.914330
-1488.880139
221.943441
1402.817182
-2004.269132
1013.531889
778.995057
-1904.781690
1500.603801
-16.787807
-1262.215073
1384.193923
-487.465031
-488.762686
763.334850
-375.858845
-36.158290
17.376894
226.583572
-142.348216
-438.481524
980.441098
-747.360749
-350.304572
1472.318638
-1530.252272
253.485789
1410.603331
-2045.466911
1039.288074
808.220096
-1962.357276
1516.950057
28.219795
-1298.281659
1339.387592
-409.760782
-455.942846
567.854673
-184.437452
22.367528
-317.637177
549.541087
-136.799584
-740.525810
1212.133578
-665.199158
-504.771243
1239.978416
-918.811705
-18.929020
616.070948
-463.590703
54.229073
-57.035715
435.695048
-503.746183
-149.248598
1016.633101
-1159.422083
292.331127
820.116903
-1163.273431
557.617896
223.955749
-409.033050
88.458163
26.532077
396.165296
-822.389697
504.177868
518.376667
-1317.015558
1060.900608
41.505540
-950.033643
917.777309
-239.808426
-205.087104
30.260104
251.343801
51.059045
-844.432046
1228.632260
-495.889758
-961.658575
1887.476757
-1353.323094
-304.691207
1749.118068
-1827.743850
544.154589
1027.925264
-1696.146561
1072.557056
245.789095
-1238.770445
1230.984119
-314.858756
-782.559593
1238.214607
-716.313800
-383.608588
1205.265465
-1079.984127
68.898700
1046.492211
-1365.198447
599.205340
668.585057
-1435.387537
1083.090237
120.023956
-1229.933862
1377.410313
-453.914844
-810.026723
1426.803834
-926.849596
-283.196583
1252.076489
-1233.261322
259.267907
900.545448
-1348.433141
748.385554
428.991296
-1275.607775
1136.027298
-103.643026
-1038.688989
1396.624954
-651.501816
-655.696628
1498.117585
-1162.669487
-136.351844
1370.928268
-1520.727436
446.236011
963.414550
-1547.294504
882.069223
378.489760
-1146.383560
899.043369
-73.592836
-483.899266
397.508125
-50.111454
26.393838
-373.010998
524.904774
1.809958
-924.412928
1331.076971
-590.808223
-881.644611
1855.440398
-1381.816295
-269.197271
1765.585038
-1866.246401
514.694294
1133.420505
-1753.721059
986.778089
356.970381
-1131.579418
881.715832
-109.077163
-374.466817
278.009729
-8.851888
85.484187
-474.620772
596.772539
-13.250490
-949.893501
1371.630646
-626.478386
-870.030620
1877.057951
-1414.954555
-267.368416
1809.330447
-1911.663568
505.047876
1190.691991
-1785.123544
950.514972
394.571401
-1067.150598
734.779868
-57.340029
-184.905254
-46.464479
138.980461
300.466402
-864.998054
778.697224
140.440813
-1132.614149
1237.467649
-330.452324
-724.185690
996.450287
-448.739304
-145.481370
176.515788
116.688274
-54.728190
-520.237950
950.060626
-538.679941
-527.501049
1267.462803
-959.602341
-56.857655
777.185013
-653.755541
123.864909
43.130705
263.567589
-396.907776
-146.911970
969.311786
-1138.659504
290.623646
862.367099
-1259.448186
632.356350
260.617842
-550.937507
219.633368
17.561456
297.504292
-739.803503
519.314682
477.911072
-1394.991458
1260.543668
-55.995452
-1202.023259
1458.592036
-619.396636
-466.883588
920.227355
-613.240721
82.596856
165.469658
-121.651696
89.839076
-214.670097
320.354442
-187.759076
-134.674995
369.232683
-318.741686
65.363757
148.589018
-181.859228
96.332535
-28.504467
23.300341
-20.344023
-31.713758
98.262908
-106.110491
37.843469
47.306239
-81.287603
54.584106
-10.373316
-12.108692
12.549705
-12.240731
19.534567
-22.742698
11.200405
8.433427
-20.156063
16.892834
-5.795805
-2.473980
4.635735
-4.218643
4.259680
-4.023152
2.037753
0.788611
-2.328203
2.063854
-1.319613
1.103577
-0.971007
0.199336
0.875233
-1.312519
0.898108
-0.337397
0.195859
-0.229034
-0.047480
0.548622
-0.751965
0.462521
-0.055292
-0.079479
0.022295
-0.091164
0.322826
-0.434119
0.254773
0.033366
-0.161921
0.120112
-0.100714
0.183655
-0.233512
0.123575
0.070169
-0.174438
0.144474
-0.088894
0.090663
-0.099675
0.033385
0.085510
-0.154286
0.126476
-0.060082
0.024701
-0.013624
-0.021744
0.083299
-0.116907
0.087456
-0.024821
-0.019180
0.033698
-0.045562
0.066636
-0.073557
0.044511
0.005724
-0.042208
0.050646
-0.045738
0.042079
-0.033758
0.009312
0.024732
-0.047315
0.046995
-0.032385
0.017227
-0.003903
-0.012745
0.030939
-0.039905
0.032705
-0.014956
-0.002155
0.013630
-0.021638
0.027198
-0.026349
0.016016
-0.000066
-0.013464
0.019974
-0.020689
0.018114
-0.012190
0.002272
0.009127
-0.017017
0.018370
-0.014373
0.008041
-0.001044
-0.006194
0.012357
-0.014964
0.012631
-0.006684
-0.000060
0.005610
-0.009399
0.011111
-0.010041
0.006003
-0.000293
-0.004893
0.007987
-0.008724
0.007497
-0.004638
0.000588
0.003606
-0.006528
0.007279
-0.005984
-0.016076
0.168357
-0.706789
1.213426
1.026100
-9.132182
16.448712
-0.233089
-52.375055
94.256548
-26.949290
-171.636175
321.569066
-152.263671
-347.402770
738.425631
-480.397532
-416.743678
1196.121682
-1008.799786
-167.406958
1365.833817
-1498.169130
396.438260
1026.789505
-1620.304214
973.622327
337.436935
-1308.344720
1275.978348
-327.348241
-821.004506
1322.811986
-791.504693
-383.017000
1275.969325
-1141.185993
52.557005
1114.246760
-1400.651593
570.905320
703.388278
-1417.589888
1042.453888
99.365428
-1129.545251
1288.551211
-476.388214
-692.012868
1330.450375
-928.542940
-239.801040
1273.803106
-1317.846115
269.055268
1071.787217
-1605.420189
849.839278
612.527450
-1590.724697
1292.978237
-6.680474
-1170.741426
1313.041057
-453.698759
-540.004285
844.360737
-421.949520
-86.019886
138.438727
125.110206
-126.730481
-379.311737
903.818515
-697.786614
-361.176932
1449.914330
-1488.880139
221.943441
1402.817182
-2004.269132
1013.531889
778.995057
-1904.781690
1500.603801
-16.787807
-1262.215073
1384.193923
-487.465031
-488.762686
763.334850
-375.858845
-36.158290
17.376894
226.583572
-142.348216
-438.481524
980.441098
-747.360749
-350.304572
1472.318638
-1530.252272
253.485789
1410.603331
-2045.466911
1039.288074
808.220096
-1962.357276
1516.950057
28.219795
-1298.281659
1339.387592
-409.760782
-455.942846
567.854673
-184.437452
22.367528
-317.637177
549.541087
-136.799584
-740.525810
1212.133578
-665.199158
-504.771243
1239.978416
-918.811705
-18.929020
616.070948
-463.590703
54.229073
-57.035715
435.695048
-503.746183
-149.248598
1016.633101
-1159.422083
292.331127
820.116903
-1163.273431
557.617896
223.955749
-409.033050
88.458163
26.532077
396.165296
-822.389697
504.177868
518.376667
-1317.015558
1060.900608
41.505540
-950.033643
917.777309
-239.808426
-205.087104
30.260104
251.343801
51.059045
-844.432046
1228.632260
-495.889758
-961.658575
1887.476757
-1353.323094
-304.691207
1749.118068
-1827.743850
544.154589
1027.925264
-1696.146561
1072.557056
245.789095
-1238.770445
1230.984119
-314.858756
-782.559593
1238.214607
-716.313800
-383.608588
1205.265465
-1079.984127
68.898700
1046.492211
-1365.198447
599.205340
668.585057
-1435.387537
1083.090237
120.023956
-1229.933862
1377.410313
-453.914844
-810.026723
1426.803834
-926.849596
-283.196583
1252.076489
-1233.261322
259.267907
900.545448
-1348.433141
748.385554
428.991296
-1275.607775
1136.027298
-103.643026
-1038.688989
1396.624954
-651.501816
-655.696628
1498.117585
-1162.669487
-136.351844
1370.928268
-1520.727436
446.236011
963.414550
-1547.294504
882.069223
378.489760
-1146.383560
899.043369
-73.592836
-483.899266
397.508125
-50.111454
26.393838
-373.010998
524.904774
1.809958
-924.412928
1331.076971
-590.808223
-881.644611
1855.440398
-1381.816295
-269.197271
1765.585038
-1866.246401
514.694294
1133.420505
-1753.721059
986.778089
356.970381
-1131.579418
881.715832
-109.077163
-374.466817
278.009729
-8.851888
85.484187
-474.620772
596.772539
-13.250490
-949.893501
1371.630646
-626.478386
-870.030620
1877.057951
-1414.954555
-267.368416
1809.330447
-1911.663568
505.047876
1190.691991
-1785.123544
950.514972
394.571401
-1067.150598
734.779868
-57.340029
-184.905254
-46.464479
138.980461
300.466402
-864.998054
778.697224
140.440813
-1132.614149
1237.467649
-330.452324
-724.185690
996.450287
-448.739304
-145.481370
176.515788
116.688274
-54.728190
-520.237950
950.060626
-538.679941
-527.501049
1267.462803
-959.602341
-56.857655
777.185013
-653.755541
123.864909
43.130705
263.567589
-396.907776
-146.911970
969.311786
-1138.659504
290.623646
862.367099
-1259.448186
632.356350
260.617842
-550.937507
219.633368
17.561456
297.504292
-739.803503
519.314682
477.911072
-1394.991458
1260.543668
-55.995452
-1202.023259
1458.592036
-619.396636
-466.883588
920.227355
-613.240721
82.596856
165.469658
-121.651696
89.839076
-214.670097
320.354442
-187.759076
-134.674995
369.232683
-318.741686
65.363757
148.589018
-181.859228
96.332535
-28.504467
23.300341
-20.344023
-31.713758
98.262908
-106.110491
37.843469
47.306239
-81.287603
54.584106
-10.373316
-12.108692
12.549705
-12.240731
19.534567
-22.742698
11.200405
8.433427
-20.156063
16.892834
-5.795805
-2.473980
4.635735
-4.218643
4.259680
-4.023152
2.037753
0.788611
-2.328203
2.063854
-1.319613
1.103577
-0.971007
0.199336
0.875233
-1.312519
0.898108
-0.337397
0.195859
-0.229034
-0.047480
0.548622
-0.751965
0.462521
-0.055292
-0.079479
0.022295
-0.091164
0.322826
-0.434119
0.254773
0.033366
-0.161921
0.120112
-0.100714
0.183655
-0.233512
0.123575
0.070169
-0.174438
0.144474
-0.088894
0.090663
-0.099675
0.033385
0.085510
-0.154286
0.126476
-0.060082
0.024701
-0.013624
-0.021744
0.083299
-0.116907
0.087456
-0.024821
-0.019180
0.033698
-0.045562
0.066636
-0.073557
0.044511
0.005724
-0.042208
0.050646
-0.045738
0.042079
-0.033758
0.009312
0.024732
-0.047315
0.046995
-0.032385
0.017227
-0.003903
-0.012745
0.030939
-0.039905
0.032705
-0.014956
-0.002155
0.013630
-0.021638
0.027198
-0.026349
0.016016
-0.000066
-0.013464
0.019974
-0.020689
0.018114
-0.012190
0.002272
0.009127
-0.017017
0.018370
-0.014373
0.008041
-0.001044
-0.006194
0.012357
-0.014964
0.012631
-0.006684
-0.000060
0.005610
-0.009399
0.011111
-0.010041
0.006003
-0.000293
-0.004893
0.007987
-0.008724
0.007497
-0.004638
0.000588
0.003606
-0.006528
0.007279
-0.005984
-0.016076
0.168357
-0.706789
1.213426
1.026100
-9.132182
16.448712
-0.233089
-52.375055
94.256548
-26.949290
-171.636175
321.569066
-152.263671
-347.402770
738.425631
-480.397532
-416.743678
1196.121682
-1008.799786
-167.406958
1365.833817
-1498.169130
396.438260
1026.789505
-1620.304214
973.622327
337.436935
-1308.344720
1275.978348
-327.348241
-821.004506
1322.811986
-791.504693
-383.017000
1275.969325
-1141.185993
52.557005
1114.246760
-1400.651593
570.905320
703.388278
-1417.589888
1042.453888
99.365428
-1129.545251
1288.551211
-476.388214
-692.012868
1330.450375
-928.542940
-239.801040
1273.803106
-1317.846115
269.055268
1071.787217
-1605.420189
849.839278
612.527450
-1590.724697
1292.978237
-6.680474
-1170.741426
1313.041057
-453.698759
-540.004285
844.360737
-421.949520
-86.019886
138.438727
125.110206
-126.730481
-379.311737
903.818515
-697.786614
-361.176932
1449.914330
-1488.880139
221.943441
1402.817182
-2004.269132
1013.531889
778.995057
-1904.781690
1500.603801
-16.787807
-1262.215073
1384.193923
-487.465031
-488.762686
763.334850
-375.858845
-36.158290
17.376894
226.583572
-142.348216
-438.481524
980.441098
-747.360749
-350.304572
1472.318638
-1530.252272
253.485789
1410.603331
-2045.466911
1039.288074
808.220096
-1962.357276
1516.950057
28.219795
-1298.281659
1339.387592
-409.760782
-455.942846
567.854673
-184.437452
22.367528
-317.637177
549.541087
-136.799584
-740.525810
1212.133578
-665.199158
-504.771243
1239.978416
-918.811705
-18.929020
616.070948
-463.590703
54.229073
-57.035715
435.695048
-503.746183
-149.248598
1016.633101
-1159.422083
292.331127
820.116903
-1163.273431
557.617896
223.955749
-409.033050
88.458163
26.532077
396.165296
-822.389697
504.177868
518.376667
-1317.015558
1060.900608
41.505540
-950.033643
917.777309
-239.808426
-205.087104
30.260104
251.343801
51.059045
-844.432046
1228.632260
-495.889758
-961.658575
1887.476757
-1353.323094
-304.691207
1749.118068
-1827.743850
544.154589
1027.925264
-1696.146561
1072.557056
245.789095
-1238.770445
1230.984119
-314.858756
-782.559593
1238.214607
-716.313800
-383.608588
1205.265465
-1079.984127
68.898700
1046.492211
-1365.198447
599.205340
668.585057
-1435.387537
1083.090237
120.023956
-1229.933862
1377.410313
-453.914844
-810.026723
1426.803834
-926.849596
-283.196583
1252.076489
-1233.261322
259.267907
900.545448
-1348.433141
748.385554
428.991296
-1275.607775
1136.027298
-103.643026
-1038.688989
1396.624954
-651.501816
-655.696628
1498.117585
-1162.669487
-136.351844
1370.928268
-1520.727436
446.236011
963.414550
-1547.294504
882.069223
378.489760
-1146.383560
899.043369
-73.592836
-483.899266
397.508125
-50.111454
26.393838
-373.010998
524.904774
1.809958
-924.412928
1331.076971
-590.808223
-881.644611
1855.440398
-1381.816295
-269.197271
1765.585038
-1866.246401
514.694294
1133.420505
-1753.721059
986.778089
356.970381
-1131.579418
881.715832
-109.077163
-374.466817
278.009729
-8.851888
85.484187
-474.620772
596.772539
-13.250490
-949.893501
1371.630646
-626.478386
-870.030620
1877.057951
-1414.954555
-267.368416
1809.330447
-1911.663568
505.047876
1190.691991
-1785.123544
950.514972
394.571401
-1067.150598
734.779868
-57.340029
-184.905254
-46.464479
138.980461
300.466402
-864.998054
778.697224
140.440813
-1132.614149
1237.467649
-330.452324
-724.185690
996.450287
-448.739304
-145.481370
176.515788
116.688274
-54.728190
-520.237950
950.060626
-538.679941
-527.501049
1267.462803
-959.602341
-56.857655
777.185013
-653.755541
123.864909
43.130705
263.567589
-396.907776
-146.911970
969.311786
-1138.659504
290.623646
862.367099
-1259.448186
632.356350
260.617842
-550.937507
219.633368
17.561456
297.504292
-739.803503
519.314682
477.911072
-1394.991458
1260.543668
-55.995452
-1202.023259
1458.592036
-619.396636
-466.883588
920.227355
-613.240721
82.596856
165.469658
-121.651696
89.839076
-214.670097
320.354442
-187.759076
-134.674995
369.232683
-318.741686
65.363757
148.589018
-181.859228
96.332535
-28.504467
23.300341
-20.344023
-31.713758
98.262908
-106.110491
37.843469
47.306239
-81.287603
54.584106
-10.373316
-12.108692
12.549705
-12.240731
19.534567
-22.742698
11.200405
8.433427
-20.156063
16.892834
-5.795805
-2.473980
4.635735
-4.218643
4.259680
-4.023152
2.037753
0.788611
-2.328203
2.063854
-1.319613
1.103577
-0.971007
0.199336
0.875233
-1.312519
0.898108
-0.337397
0.195859
-0.229034
-0.047480
0.548622
-0.751965
0.462521
-0.055292
-0.079479
0.022295
-0.091164
0.322826
-0.434119
0.254773
0.033366
-0.161921
0.120112
-0.100714
0.183655
-0.233512
0.123575
0.070169
-0.174438
0.144474
-0.088894
0.090663
-0.099675
0.033385
0.085510
-0.154286
0.126476
-0.060082
0.024701
-0.013624
-0.021744
0.083299
-0.116907
0.087456
-0.024821
-0.019180
0.033698
-0.045562
0.066636
-0.073557
0.044511
0.005724
-0.042208
0.050646
-0.045738
0.042079
-0.033758
0.009312
0.024732
-0.047315
0.046995
-0.032385
0.017227
-0.003903
-0.012745
0.030939
-0.039905
0.032705
-0.014956
-0.002155
0.013630
-0.021638
0.027198
-0.026349
0.016016
-0.000066
-0.013464
0.019974
-0.020689
0.018114
-0.012190
0.002272
0.009127
-0.017017
0.018370
-0.014373
0.008041
-0.001044
-0.006194
0.012357
-0.014964
0.012631
-0.006684
-0.000060
0.005610
-0.009399
0.011111
-0.010041
0.006003
-0.000293
-0.004893
0.007987
-0.008724
0.007497
-0.004638
0.000588
0.003606
-0.006528
0.007279
-0.005984
-0.016076
0.168357
-0.706789
1.213426
1.026100
-9.132182
16.448712
-0.233089
-52.375055
94.256548
-26.949290
-171.636175
321.569066
-152.263671
-347.402770
738.425631
-480.397532
-416.743678
1196.121682
-1008.799786
-167.406958
1365.833817
-1498.169130
396.438260
1026.789505
-1620.304214
973.622327
337.436935
-1308.344720
1275.978348
-327.348241
-821.004506
1322.811986
-791.504693
-383.017000
1275.969325
-1141.185993
52.557005
1114.246760
-1400.651593
570.905320
703.388278
-1417.589888
1042.453888
99.365428
-1129.545251
1288.551211
-476.388214
-692.012868
1330.450375
-928.542940
-239.801040
1273.803106
-1317.846115
269.055268
1071.787217
-1605.420189
849.839278
612.527450
-1590.724697
1292.978237
-6.680474
-1170.741426
1313.041057
-453.698759
-540.004285
844.360737
-421.949520
-86.019886
138.438727
125.110206
-126.730481
-379.311737
903.818515
-697.786614
-361.176932
1449.914330
-1488.880139
221.943441
1402.817182
-2004.269132
1013.531889
778.995057
-1904.781690
1500.603801
-16.787807
-1262.215073
1384.193923
-487.465031
-488.762686
763.334850
-375.858845
-36.158290
17.376894
226.583572
-142.348216
-438.481524
980.441098
-747.360749
-350.304572
1472.318638
-1530.252272
253.485789
1410.603331
-2045.466911
1039.288074
808.220096
-1962.357276
1516.950057
28.219795
-1298.281659
1339.387592
-409.760782
-455.942846
567.854673
-184.437452
22.367528
-317.637177
549.541087
-136.799584
-740.525810
1212.133578
-665.199158
-504.771243
1239.978416
-918.811705
-18.929020
616.070948
-463.590703
54.229073
-57.035715
435.695048
-503.746183
-149.248598
1016.633101
-1159.422083
292.331127
820.116903
-1163.273431
557.617896
223.955749
-409.033050
88.458163
26.532077
396.165296
-822.389697
504.177868
518.376667
-1317.015558
1060.900608
41.505540
-950.033643
917.777309
-239.808426
-205.087104
30.260104
251.343801
51.059045
-844.432046
1228.632260
-495.889758
-961.658575
1887.476757
-1353.323094
-304.691207
1749.118068
-1827.743850
544.154589
1027.925264
-1696.146561
1072.557056
245.789095
-1238.770445
1230.984119
-314.858756
-782.559593
1238.214607
-716.313800
-383.608588
1205.265465
-1079.984127
68.898700
1046.492211
-1365.198447
599.205340
668.585057
-1435.387537
1083.090237
120.023956
-1229.933862
1377.410313
-453.914844
-810.026723
1426.803834
-926.849596
-283.196583
1252.076489
-1233.261322
259.267907
900.545448
-1348.433141
748.385554
428.991296
-1275.607775
1136.027298
-103.643026
-1038.688989
1396.624954
-651.501816
-655.696628
1498.117585
-1162.669487
-136.351844
1370.928268
-1520.727436
446.236011
963.414550
-1547.294504
882.069223
378.489760
-1146.383560
899.043369
-73.592836
-483.899266
397.508125
-50.111454
26.393838
-373.010998
524.904774
1.809958
-924.412928
1331.076971
-590.808223
-881.644611
1855.440398
-1381.816295
-269.197271
1765.585038
-1866.246401
514.694294
1133.420505
-1753.721059
986.778089
356.970381
-1131.579418
881.715832
-109.077163
-374.466817
278.009729
-8.851888
85.484187
-474.620772
596.772539
-13.250490
-949.893501
1371.630646
-626.478386
-870.030620
1877.057951
-1414.954555
-267.368416
1809.330447
-1911.663568
505.047876
1190.691991
-1785.123544
950.514972
394.571401
-1067.150598
734.779868
-57.340029
-184.905254
-46.464479
138.980461
300.466402
-864.998054
778.697224
140.440813
-1132.614149
1237.467649
-330.452324
-724.185690
996.450287
-448.739304
-145.481370
176.515788
116.688274
-54.728190
-520.237950
950.060626
-538.679941
-527.501049
1267.462803
-959.602341
-56.857655
777.185013
-653.755541
123.864909
43.130705
263.567589
-396.907776
-146.911970
969.311786
-1138.659504
290.623646
862.367099
-1259.448186
632.356350
260.617842
-550.937507
219.633368
17.561456
297.504292
-739.803503
519.314682
477.911072
-1394.991458
1260.543668
-55.995452
-1202.023259
1458.592036
-619.396636
-466.883588
920.227355
-613.240721
82.596856
165.469658
-121.651696
89.839076
-214.670097
320.354442
-187.759076
-134.674995
369.232683
-318.741686
65.363757
148.589018
-181.859228
96.332535
-28.504467
23.300341
-20.344023
-31.713758
98.262908
-106.110491
37.843469
47.306239
-81.287603
54.584106
-10.373316
-12.108692
12.549705
-12.240731
19.534567
-22.742698
11.200405
8.433427
-20.156063
16.892834
-5.795805
-2.473980
4.635735
-4.218643
4.259680
-4.023152
2.037753
0.788611
-2.328203
2.063854
-1.319613
1.103577
-0.971007
0.199336
0.875233
-1.312519
0.898108
-0.337397
0.195859
-0.229034
-0.047480
0.548622
-0.751965
0.462521
-0.055292
-0.079479
0.022295
-0.091164
0.322826
-0.434119
0.254773
0.033366
-0.161921
0.120112
-0.100714
0.183655
-0.233512
0.123575
0.070169
-0.174438
0.144474
-0.088894
0.090663
-0.099675
0.033385
0.085510
-0.154286
0.126476
-0.060082
0.024701
-0.013624
-0.021744
0.083299
-0.116907
0.087456
-0.024821
-0.019180
0.033698
-0.045562
0.066636
-0.073557
0.044511
0.005724
-0.042208
0.050646
-0.045738
0.042079
-0.033758
0.009312
0.024732
-0.047315
0.046995
-0.032385
0.017227
-0.003903
-0.012745
0.030939
-0.039905
0.032705
-0.014956
-0.002155
0.013630
-0.021638
0.027198
-0.026349
0.016016
-0.000066
-0.013464
0.019974
-0.020689
0.018114
-0.012190
0.002272
0.009127
-0.017017
0.018370
-0.014373
0.008041
-0.001044
-0.006194
0.012357
-0.014964
0.012631
-0.006684
-0.000060
0.005610
-0.009399
0.011111
-0.010041
0.006003
-0.000293
-0.004893
0.007987
-0.008724
0.007497
-0.004638
0.000588
0.003606
-0.006528
0.007279
-0.005984
-0.016076
0.168357
-0.706789
1.213426
1.026100
-9.132182
16.448712
-0.233089
-52.375055
94.256548
-26.949290
-171.636175
321.569066
-152.263671
-347.402770
738.425631
-480.397532
-416.743678
1196.121682
-1008.799786
-167.406958
1365.833817
-1498.169130
396.438260
1026.789505
-1620.304214
973.622327
337.436935
-1308.344720
1275.978348
-327.348241
-821.004506
1322.811986
-791.504693
-383.017000
1275.969325
-1141.185993
52.557005
1114.246760
-1400.651593
570.905320
703.388278
-1417.589888
1042.453888
99.365428
-1129.545251
1288.551211
-476.388214
-692.012868
1330.450375
-928.542940
-239.801040
1273.803106
-1317.846115
269.055268
1071.787217
-1605.420189
849.839278
612.527450
-1590.724697
1292.978237
-6.680474
-1170.741426
1313.041057
-453.698759
-540.004285
844.360737
-421.949520
-86.019886
138.438727
125.110206
-126.730481
-379.311737
903.818515
-697.786614
-361.176932
1449.914330
-1488.880139
221.943441
1402.817182
-2004.269132
1013.531889
778.995057
-1904.781690
1500.603801
-16.787807
-1262.215073
1384.193923
-487.465031
-488.762686
763.334850
-375.858845
-36.158290
17.376894
226.583572
-142.348216
-438.481524
980.441098
-747.360749
-350.304572
1472.318638
-1530.252272
253.485789
1410.603331
-2045.466911
1039.288074
808.220096
-1962.357276
1516.950057
28.219795
-1298.281659
1339.387592
-409.760782
-455.942846
567.854673
-184.437452
22.367528
-317.637177
549.541087
-136.799584
-740.525810
1212.133578
-665.199158
-504.771243
1239.978416
-918.811705
-18.929020
616.070948
-463.590703
54.229073
-57.035715
435.695048
-503.746183
-149.248598
1016.633101
-1159.422083
292.331127
820.116903
-1163.273431
557.617896
223.955749
-409.033050
88.458163
26.532077
396.165296
-822.389697
504.177868
518.376667
-1317.015558
1060.900608
41.505540
-950.033643
917.777309
-239.808426
-205.087104
30.260104
251.343801
51.059045
-844.432046
1228.632260
-495.889758
-961.658575
1887.476757
-1353.323094
-304.691207
1749.118068
-1827.743850
544.154589
1027.925264
-1696.146561
1072.557056
245.789095
-1238.770445
1230.984119
-314.858756
-782.559593
1238.214607
-716.313800
-383.608588
1205.265465
-1079.984127
68.898700
1046.492211
-1365.198447
599.205340
668.585057
-1435.387537
1083.090237
120.023956
-1229.933862
1377.410313
-453.914844
-810.026723
1426.803834
-926.849596
-283.196583
1252.076489
-1233.261322
259.267907
900.545448
-1348.433141
748.385554
428.991296
-1275.607775
1136.027298
-103.643026
-1038.688989
1396.624954
-651.501816
-655.696628
1498.117585
-1162.669487
-136.351844
1370.928268
-1520.727436
446.236011
963.414550
-1547.294504
882.069223
378.489760
-1146.383560
899.043369
-73.592836
-483.899266
397.508125
-50.111454
26.393838
-373.010998
524.904774
1.809958
-924.412928
1331.076971
-590.808223
-881.644611
1855.440398
-1381.816295
-269.197271
1765.585038
-1866.246401
514.694294
1133.420505
-1753.721059
986.778089
356.970381
-1131.579418
881.715832
-109.077163
-374.466817
278.009729
-8.851888
85.484187
-474.620772
596.772539
-13.250490
-949.893501
1371.630646
-626.478386
-870.030620
1877.057951
-1414.954555
-267.368416
1809.330447
-1911.663568
505.047876
1190.691991
-1785.123544
950.514972
394.571401
-1067.150598
734.779868
-57.340029
-184.905254
-46.464479
138.980461
300.466402
-864.998054
778.697224
140.440813
-1132.614149
1237.467649
-330.452324
-724.185690
996.450287
-448.739304
-145.481370
176.515788
116.688274
-54.728190
-520.237950
950.060626
-538.679941
-527.501049
1267.462803
-959.602341
-56.857655
777.185013
-653.755541
123.864909
43.130705
263.567589
-396.907776
-146.911970
969.311786
-1138.659504
290.623646
862.367099
-1259.448186
632.356350
260.617842
-550.937507
219.633368
17.561456
297.504292
-739.803503
519.314682
477.911072
-1394.991458
1260.543668
-55.995452
-1202.023259
1458.592036
-619.396636
-466.883588
920.227355
-613.240721
82.596856
165.469658
-121.651696
89.839076
-214.670097
320.354442
-187.759076
-134.674995
369.232683
-318.741686
65.363757
148.589018
-181.859228
96.332535
-28.504467
23.300341
-20.344023
-31.713758
98.262908
-106.110491
37.843469
47.306239
-81.287603
54.584106
-10.373316
-12.108692
12.549705
-12.240731
19.534567
-22.742698
11.200405
8.433427
-20.156063
16.892834
-5.795805
-2.473980
4.635735
-4.218643
4.259680
-4.023152
2.037753
0.788611
-2.328203
2.063854
-1.319613
1.103577
-0.971007
0.199336
0.875233
-1.312519
0.898108
-0.337397
0.195859
-0.229034
-0.047480
0.548622
-0.751965
0.462521
-0.055292
-0.079479
0.022295
-0.091164
0.322826
-0.434119
0.254773
0.033366
-0.161921
0.120112
-0.100714
0.183655
-0.233512
0.123575
0.070169
-0.174438
0.144474
-0.088894
0.090663
-0.099675
0.033385
0.085510
-0.154286
0.126476
-0.060082
0.024701
-0.013624
-0.021744
0.083299
-0.116907
0.087456
-0.024821
-0.019180
0.033698
-0.045562
0.066636
-0.073557
0.044511
0.005724
-0.042208
0.050646
-0.045738
0.042079
-0.033758
0.009312
0.024732
-0.047315
0.046995
-0.032385
0.017227
-0.003903
-0.012745
0.030939
-0.039905
0.032705
-0.014956
-0.002155
0.013630
-0.021638
0.027198
-0.026349
0.016016
-0.000066
-0.013464
0.019974
-0.020689
0.018114
-0.012190
0.002272
0.009127
-0.017017
0.018370
-0.014373
0.008041
-0.001044
-0.006194
0.012357
-0.014964
0.012631
-0.006684
-0.000060
0.005610
-0.009399
0.011111
-0.010041
0.006003
-0.000293
-0.004893
0.007987
-0.008724
0.007497
-0.004638
0.000588
0.003606
-0.006528
0.007279
-0.005984
-0.016076
0.168357
-0.706789
1.213426
1.026100
-9.132182
16.448712
-0.233089
-52.375055
94.256548
-26.949290
-171.636175
321.569066
-152.263671
-347.402770
738.425631
-480.397532
-416.743678
1196.121682
-1008.799786
-167.406958
1365.833817
-1498.169130
396.438260
1026.789505
-1620.304214
973.622327
337.436935
-1308.344720
1275.978348
-327.348241
-821.004506
1322.811986
-791.504693
-383.017000
1275.969325
-1141.185993
52.557005
1114.246760
-1400.651593
570.905320
703.388278
-1417.589888
1042.453888
99.365428
-1129.545251
1288.551211
-476.388214
-692.012868
1330.450375
-928.542940
-239.801040
1273.803106
-1317.846115
269.055268
1071.787217
-1605.420189
849.839278
612.527450
-1590.724697
1292.978237
-6.680474
-1170.741426
1313.041057
-453.698759
-540.004285
844.360737
-421.949520
-86.019886
138.438727
125.110206
-126.730481
-379.311737
903.818515
-697.786614
-361.176932
1449.914330
-1488.880139
221.943441
1402.817182
-2004.269132
1013.531889
778.995057
-1904.781690
1500.603801
-16.787807
-1262.215073
1384.193923
-487.465031
-488.762686
763.334850
-375.858845
-36.158290
17.376894
226.583572
-142.348216
-438.481524
980.441098
-747.360749
-350.304572
1472.318638
-1530.252272
253.485789
1410.603331
-2045.466911
1039.288074
808.220096
-1962.357276
1516.950057
28.219795
-1298.281659
1339.387592
-409.760782
-455.942846
567.854673
-184.437452
22.367528
-317.637177
549.541087
-136.799584
-740.525810
1212.133578
-665.199158
-504.771243
1239.978416
-918.811705
-18.929020
616.070948
-463.590703
54.229073
-57.035715
435.695048
-503.746183
-149.248598
1016.633101
-1159.422083
292.331127
820.116903
-1163.273431
557.617896
223.955749
-409.033050
88.458163
26.532077
396.165296
-822.389697
504.177868
518.376667
-1317.015558
1060.900608
41.505540
-950.033643
917.777309
-239.808426
-205.087104
30.260104
251.343801
51.059045
-844.432046
1228.632260
-495.889758
-961.658575
1887.476757
-1353.323094
-304.691207
1749.118068
-1827.743850
544.154589
1027.925264
-1696.146561
1072.557056
245.789095
-1238.770445
1230.984119
-314.858756
-782.559593
1238.214607
-716.313800
-383.608588
1205.265465
-1079.984127
68.898700
1046.492211
-1365.198447
599.205340
668.585057
-1435.387537
1083.090237
120.023956
-1229.933862
1377.410313
-453.914844
-810.026723
1426.803834
-926.849596
-283.196583
1252.076489
-1233.261322
259.267907
900.545448
-1348.433141
748.385554
428.991296
-1275.607775
1136.027298
-103.643026
-1038.688989
1396.624954
-651.501816
-655.696628
1498.117585
-1162.669487
-136.351844
1370.928268
-1520.727436
446.236011
963.414550
-1547.294504
882.069223
378.489760
-1146.383560
899.043369
-73.592836
-483.899266
397.508125
-50.111454
26.393838
-373.010998
524.904774
1.809958
-924.412928
1331.076971
-590.808223
-881.644611
1855.440398
-1381.816295
-269.197271
1765.585038
-1866.246401
514.694294
1133.420505
-1753.721059
986.778089
356.970381
-1131.579418
881.715832
-109.077163
-374.466817
278.009729
-8.851888
85.484187
-474.620772
596.772539
-13.250490
-949.893501
1371.630646
-626.478386
-870.030620
1877.057951
-1414.954555
-267.368416
1809.330447
-1911.663568
505.047876
1190.691991
-1785.123544
950.514972
394.571401
-1067.150598
734.779868
-57.340029
-184.905254
-46.464479
138.980461
300.466402
-864.998054
778.697224
140.440813
-1132.614149
1237.467649
-330.452324
-724.185690
996.450287
-448.739304
-145.481370
176.515788
116.688274
-54.728190
-520.237950
950.060626
-538.679941
-527.501049
1267.462803
-959.602341
-56.857655
777.185013
-653.755541
123.864909
43.130705
263.567589
-396.907776
-146.911970
969.311786
-1138.659504
290.623646
862.367099
-1259.448186
632.356350
260.617842
-550.937507
219.633368
17.561456
297.504292
-739.803503
519.314682
477.911072
-1394.991458
1260.543668
-55.995452
-1202.023259
1458.592036
-619.396636
-466.883588
920.227355
-613.240721
82.596856
165.469658
-121.651696
89.839076
-214.670097
320.354442
-187.759076
-134.674995
369.232683
-318.741686
65.363757
148.589018
-181.859228
96.332535
-28.504467
23.300341
-20.344023
-31.713758
98.262908
-106.110491
37.843469
47.306239
-81.287603
54.584106
-10.373316
-12.108692
12.549705
-12.240731
19.534567
-22.742698
11.200405
8.433427
-20.156063
16.892834
-5.795805
-2.473980
4.635735
-4.218643
4.259680
-4.023152
2.037753
0.788611
-2.328203
2.063854
-1.319613
1.103577
-0.971007
0.199336
0.875233
-1.312519
0.898108
-0.337397
0.195859
-0.229034
-0.047480
0.548622
-0.751965
0.462521
-0.055292
-0.079479
0.022295
-0.091164
0.322826
-0.434119
0.254773
0.033366
-0.161921
0.120112
-0.100714
0.183655
-0.233512
0.123575
0.070169
-0.174438
0.144474
-0.088894
0.090663
-0.099675
0.033385
0.085510
-0.154286
0.126476
-0.060082
0.024701
-0.013624
-0.021744
0.083299
-0.116907
0.087456
-0.024821
-0.019180
0.033698
-0.045562
0.066636
-0.073557
0.044511
0.005724
-0.042208
0.050646
-0.045738
0.042079
-0.033758
0.009312
0.024732
-0.047315
0.046995
-0.032385
0.017227
-0.003903
-0.012745
0.030939
-0.039905
0.032705
-0.014956
-0.002155
0.013630
-0.021638
0.027198
-0.026349
0.016016
-0.000066
-0.013464
0.019974
-0.020689
0.018114
-0.012190
0.002272
0.009127
-0.017017
0.018370
-0.014373
0.008041
-0.001044
-0.006194
0.012357
-0.014964
0.012631
-0.006684
-0.000060
0.005610
-0.009399
0.011111
-0.010041
0.006003
-0.000293
-0.004893
0.007987
-0.008724
0.007497
-0.004638
0.000588
0.003606
-0.006528
0.007279
-0.005984
-0.016076
0.168357
-0.706789
1.213426
1.026100
-9.132182
16.448712
-0.233089
-52.375055
94.256548
-26.949290
-171.636175
321.569066
-152.263671
-347.402770
738.425631
-480.397532
-416.743678
1196.121682
-1008.799786
-167.406958
1365.833817
-1498.169130
396.438260
1026.789505
-1620.304214
973.622327
337.436935
-1308.344720
1275.978348
-327.348241
-821.004506
1322.811986
-791.504693
-383.017000
1275.969325
-1141.185993
52.557005
1114.246760
-1400.651593
570.905320
703.388278
-1417.589888
1042.453888
99.365428
-1129.545251
1288.551211
-476.388214
-692.012868
1330.450375
-928.542940
-239.801040
1273.803106
-1317.846115
269.055268
1071.787217
-1605.420189
849.839278
612.527450
-1590.724697
1292.978237
-6.680474
-1170.741426
1313.041057
-453.698759
-540.004285
844.360737
-421.949520
-86.019886
138.438727
125.110206
-126.730481
-379.311737
903.818515
-697.786614
-361.176932
1449.914330
-1488.880139
221.943441
1402.817182
-2004.269132
1013.531889
778.995057
-1904.781690
1500.603801
-16.787807
-1262.215073
1384.193923
-487.465031
-488.762686
763.334850
-375.858845
-36.158290
17.376894
226.583572
-142.348216
-438.481524
980.441098
-747.360749
-350.304572
1472.318638
-1530.252272
253.485789
1410.603331
-2045.466911
1039.288074
808.220096
-1962.357276
1516.950057
28.219795
-1298.281659
1339.387592
-409.760782
-455.942846
567.854673
-184.437452
22.367528
-317.637177
549.541087
-136.799584
-740.525810
1212.133578
-665.199158
-504.771243
1239.978416
-918.811705
-18.929020
616.070948
-463.590703
54.229073
-57.035715
435.695048
-503.746183
-149.248598
1016.633101
-1159.422083
292.331127
820.116903
-1163.273431
557.617896
223.955749
-409.033050
88.458163
26.532077
396.165296
-822.389697
504.177868
518.376667
-1317.015558
1060.900608
41.505540
-950.033643
917.777309
-239.808426
-205.087104
30.260104
251.343801
51.059045
-844.432046
1228.632260
-495.889758
-961.658575
1887.476757
-1353.323094
-304.691207
1749.118068
-1827.743850
544.154589
1027.925264
-1696.146561
1072.557056
245.789095
-1238.770445
1230.984119
-314.858756
-782.559593
1238.214607
-716.313800
-383.608588
1205.265465
-1079.984127
68.898700
1046.492211
-1365.198447
599.205340
668.585057
-1435.387537
1083.090237
120.023956
-1229.933862
1377.410313
-453.914844
-810.026723
1426.803834
-926.849596
-283.196583
1252.076489
-1233.261322
259.267907
900.545448
-1348.433141
748.385554
428.991296
-1275.607775
1136.027298
-103.643026
-1038.688989
1396.624954
-651.501816
-655.696628
1498.117585
-1162.669487
-136.351844
1370.928268
-1520.727436
446.236011
963.414550
-1547.294504
882.069223
378.489760
-1146.383560
899.043369
-73.592836
-483.899266
397.508125
-50.111454
26.393838
-373.010998
524.904774
1.809958
-924.412928
1331.076971
-590.808223
-881.644611
1855.440398
-1381.816295
-269.197271
1765.585038
-1866.246401
514.694294
1133.420505
-1753.721059
986.778089
356.970381
-1131.579418
881.715832
-109.077163
-374.466817
278.009729
-8.851888
85.484187
-474.620772
596.772539
-13.250490
-949.893501
1371.630646
-626.478386
-870.030620
1877.057951
-1414.954555
-267.368416
1809.330447
-1911.663568
505.047876
1190.691991
-1785.123544
950.514972
394.571401
-1067.150598
734.779868
-57.340029
-184.905254
-46.464479
138.980461
300.466402
-864.998054
778.697224
140.440813
-1132.614149
1237.467649
-330.452324
-724.185690
996.450287
-448.739304
-145.481370
176.515788
116.688274
-54.728190
-520.237950
950.060626
-538.679941
-527.501049
1267.462803
-959.602341
-56.857655
777.185013
-653.755541
123.864909
43.130705
263.567589
-396.907776
-146.911970
969.311786
-1138.659504
290.623646
862.367099
-1259.448186
632.356350
260.617842
-550.937507
219.633368
17.561456
297.504292
-739.803503
519.314682
477.911072
-1394.991458
1260.543668
-55.995452
-1202.023259
1458.592036
-619.396636
-466.883588
920.227355
-613.240721
82.596856
165.469658
-121.651696
89.839076
-214.670097
320.354442
-187.759076
-134.674995
369.232683
-318.741686
65.363757
148.589018
-181.859228
96.332535
-28.504467
23.300341
-20.344023
-31.713758
98.262908
-106.110491
37.843469
47.306239
-81.287603
54.584106
-10.373316
-12.108692
12.549705
-12.240731
19.534567
-22.742698
11.200405
8.433427
-20.156063
16.892834
-5.795805
-2.473980
4.635735
-4.218643
4.259680
-4.023152
2.037753
0.788611
-2.328203
2.063854
-1.319613
1.103577
-0.971007
0.199336
0.875233
-1.312519
0.898108
-0.337397
0.195859
-0.229034
-0.047480
0.548622
-0.751965
0.462521
-0.055292
-0.079479
0.022295
-0.091164
0.322826
-0.434119
0.254773
0.033366
-0.161921
0.120112
-0.100714
0.183655
-0.233512
0.123575
0.070169
-0.174438
0.144474
-0.088894
0.090663
-0.099675
0.033385
0.085510
-0.154286
0.126476
-0.060082
0.024701
-0.013624
-0.021744
0.083299
-0.116907
0.087456
-0.024821
-0.019180
0.033698
-0.045562
0.066636
-0.073557
0.044511
0.005724
-0.042208
0.050646
-0.045738
0.042079
-0.033758
0.009312
0.024732
-0.047315
0.046995
-0.032385
0.017227
-0.003903
-0.012745
0.030939
-0.039905
0.032705
-0.014956
-0.002155
0.013630
-0.021638
0.027198
-0.026349
0.016016
-0.000066
-0.013464
0.019974
-0.020689
0.018114
-0.012190
0.002272
0.009127
-0.017017
0.018370
-0.014373
0.008041
-0.001044
-0.006194
0.012357
-0.014964
0.012631
-0.006684
-0.000060
0.005610
-0.009399
0.011111
-0.010041
0.006003
-0.000293
-0.004893
0.007987
-0.008724
0.007497
-0.004638
0.000588
0.003606
-0.006528
0.007279
-0.005984
-0.016076
0.168357
-0.706789
1.213426
1.026100
-9.132182
16.448712
-0.233089
-52.375055
94.256548
-26.949290
-171.636175
321.569066
-152.263671
-347.402770
738.425631
-480.397532
-416.743678
1196.121682
-1008.799786
-167.406958
1365.833817
-1498.169130
396.438260
1026.789505
-1620.304214
973.622327
337.436935
-1308.344720
1275.978348
-327.348241
-821.004506
1322.811986
-791.504693
-383.017000
1275.969325
-1141.185993
52.557005
1114.246760
-1400.651593
570.905320
703.388278
-1417.589888
1042.453888
99.365428
-1129.545251
1288.551211
-476.388214
-692.012868
1330.450375
-928.542940
-239.801040
1273.803106
-1317.846115
269.055268
1071.787217
-1605.420189
849.839278
612.527450
-1590.724697
1292.978237
-6.680474
-1170.741426
1313.041057
-453.698759
-540.004285
844.360737
-421.949520
-86.019886
138.438727
125.110206
-126.730481
-379.311737
903.818515
-697.786614
-361.176932
1449.914330
-1488.880139
221.943441
1402.817182
-2004.269132
1013.531889
778.995057
-1904.781690
1500.603801
-16.787807
-1262.215073
1384.193923
-487.465031
-488.762686
763.334850
-375.858845
-36.158290
17.376894
226.583572
-142.348216
-438.481524
980.441098
-747.360749
-350.304572
1472.318638
-1530.252272
253.485789
1410.603331
-2045.466911
1039.288074
808.220096
-1962.357276
1516.950057
28.219795
-1298.281659
1339.387592
-409.760782
-455.942846
567.854673
-184.437452
22.367528
-317.637177
549.541087
-136.799584
-740.525810
1212.133578
-665.199158
-504.771243
1239.978416
-918.811705
-18.929020
616.070948
-463.590703
54.229073
-57.035715
435.695048
-503.746183
-149.248598
1016.633101
-1159.422083
292.331127
820.116903
-1163.273431
557.617896
223.955749
-409.033050
88.458163
26.532077
396.165296
-822.389697
504.177868
518.376667
-1317.015558
1060.900608
41.505540
-950.033643
917.777309
-239.808426
-205.087104
30.260104
251.343801
51.059045
-844.432046
1228.632260
-495.889758
-961.658575
1887.476757
-1353.323094
-304.691207
1749.118068
-1827.743850
544.154589
1027.925264
-1696.146561
1072.557056
245.789095
-1238.770445
1230.984119
-314.858756
-782.559593
1238.214607
-716.313800
-383.608588
1205.265465
-1079.984127
68.898700
1046.492211
-1365.198447
599.205340
668.585057
-1435.387537
1083.090237
120.023956
-1229.933862
1377.410313
-453.914844
-810.026723
1426.803834
-926.849596
-283.196583
1252.076489
-1233.261322
259.267907
900.545448
-1348.433141
748.385554
428.991296
-1275.607775
1136.027298
-103.643026
-1038.688989
1396.624954
-651.501816
-655.696628
1498.117585
-1162.669487
-136.351844
1370.928268
-1520.727436
446.236011
963.414550
-1547.294504
882.069223
378.489760
-1146.383560
899.043369
-73.592836
-483.899266
397.508125
-50.111454
26.393838
-373.010998
524.904774
1.809958
-924.412928
1331.076971
-590.808223
-881.644611
1855.440398
-1381.816295
-269.197271
1765.585038
-1866.246401
514.694294
1133.420505
-1753.721059
986.778089
356.970381
-1131.579418
881.715832
-109.077163
-374.466817
278.009729
-8.851888
85.484187
-474.620772
596.772539
-13.250490
-949.893501
1371.630646
-626.478386
-870.030620
1877.057951
-1414.954555
-267.368416
1809.330447
-1911.663568
505.047876
1190.691991
-1785.123544
950.514972
394.571401
-1067.150598
734.779868
-57.340029
-184.905254
-46.464479
138.980461
300.466402
-864.998054
778.697224
140.440813
-1132.614149
1237.467649
-330.452324
-724.185690
996.450287
-448.739304
-145.481370
176.515788
116.688274
-54.728190
-520.237950
950.060626
-538.679941
-527.501049
1267.462803
-959.602341
-56.857655
777.185013
-653.755541
123.864909
43.130705
263.567589
-396.907776
-146.911970
969.311786
-1138.659504
290.623646
862.367099
-1259.448186
632.356350
260.617842
-550.937507
219.633368
17.561456
297.504292
-739.803503
519.314682
477.911072
-1394.991458
1260.543668
-55.995452
-1202.023259
1458.592036
-619.396636
-466.883588
920.227355
-613.240721
82.596856
165.469658
-121.651696
89.839076
-214.670097
320.354442
-187.759076
-134.674995
369.232683
-318.741686
65.363757
148.589018
-181.859228
96.332535
-28.504467
23.300341
-20.344023
-31.713758
98.262908
-106.110491
37.843469
47.306239
-81.287603
54.584106
-10.373316
-12.108692
12.549705
-12.240731
19.534567
-22.742698
11.200405
8.433427
-20.156063
16.892834
-5.795805
-2.473980
4.635735
-4.218643
4.259680
-4.023152
2.037753
0.788611
-2.328203
2.063854
-1.319613
1.103577
-0.971007
0.199336
0.875233
-1.312519
0.898108
-0.337397
0.195859
-0.229034
-0.047480
0.548622
-0.751965
0.462521
-0.055292
-0.079479
0.022295
-0.091164
0.322826
-0.434119
0.254773
0.033366
-0.161921
0.120112
-0.100714
0.183655
-0.233512
0.123575
0.070169
-0.174438
0.144474
-0.088894
0.090663
-0.099675
0.033385
0.085510
-0.154286
0.126476
-0.060082
0.024701
-0.013624
-0.021744
0.083299
-0.116907
0.087456
-0.024821
-0.019180
0.033698
-0.045562
0.066636
-0.073557
0.044511
0.005724
-0.042208
0.050646
-0.045738
0.042079
-0.033758
0.009312
0.024732
-0.047315
0.046995
-0.032385
0.017227
-0.003903
-0.012745
0.030939
-0.039905
0.032705
-0.014956
-0.002155
0.013630
-0.021638
0.027198
-0.026349
0.016016
-0.000066
-0.013464
0.019974
-0.020689
0.018114
-0.012190
0.002272
0.009127
-0.017017
0.018370
-0.014373
0.008041
-0.001044
-0.006194
0.012357
-0.014964
0.012631
-0.006684
-0.000060
0.005610
-0.009399
0.011111
-0.010041
0.006003
-0.000293
-0.004893
0.007987
-0.008724
0.007497
-0.004638
0.000588
0.003606
-0.006528
0.007279
-0.005984
-0.016076
0.168357
-0.706789
1.213426
1.026100
-9.132182
16.448712
-0.233089
-52.375055
94.256548
-26.949290
-171.636175
321.569066
-152.263671
-347.402770
738.425631
-480.397532
-416.743678
1196.121682
-1008.799786
-167.406958
1365.833817
-1498.169130
396.438260
1026.789505
-1620.304214
973.622327
337.436935
-1308.344720
1275.978348
-327.348241
-821.004506
1322.811986
-791.504693
-383.017000
1275.969325
-1141.185993
52.557005
1114.246760
-1400.651593
570.905320
703.388278
-1417.589888
1042.453888
99.365428
-1129.545251
1288.551211
-476.388214
-692.012868
1330.450375
-928.542940
-239.801040
1273.803106
-1317.846115
269.055268
1071.787217
-1605.420189
849.839278
612.527450
-1590.724697
1292.978237
-6.680474
-1170.741426
1313.041057
-453.698759
-540.004285
844.360737
-421.949520
-86.019886
138.438727
125.110206
-126.730481
-379.311737
903.818515
-697.786614
-361.176932
1449.914330
-1488.880139
221.943441
1402.817182
-2004.269132
1013.531889
778.995057
-1904.781690
1500.603801
-16.787807
-1262.215073
1384.193923
-487.465031
-488.762686
763.334850
-375.858845
-36.158290
17.376894
226.583572
-142.348216
-438.481524
980.441098
-747.360749
-350.304572
1472.318638
-1530.252272
253.485789
1410.603331
-2045.466911
1039.288074
808.220096
-1962.357276
1516.950057
28.219795
-1298.281659
1339.387592
-409.760782
-455.942846
567.854673
-184.437452
22.367528
-317.637177
549.541087
-136.799584
-740.525810
1212.133578
-665.199158
-504.771243
1239.978416
-918.811705
-18.929020
616.070948
-463.590703
54.229073
-57.035715
435.695048
-503.746183
-149.248598
1016.633101
-1159.422083
292.331127
820.116903
-1163.273431
557.617896
223.955749
-409.033050
88.458163
26.532077
396.165296
-822.389697
504.177868
518.376667
-1317.015558
1060.900608
41.505540
-950.033643
917.777309
-239.808426
-205.087104
30.260104
251.343801
51.059045
-844.432046
1228.632260
-495.889758
-961.658575
1887.476757
-1353.323094
-304.691207
1749.118068
-1827.743850
544.154589
1027.925264
-1696.146561
1072.557056
245.789095
-1238.770445
1230.984119
-314.858756
-782.559593
1238.214607
-716.313800
-383.608588
1205.265465
-1079.984127
68.898700
1046.492211
-1365.198447
599.205340
668.585057
-1435.387537
1083.090237
120.023956
-1229.933862
1377.410313
-453.914844
-810.026723
1426.803834
-926.849596
-283.196583
1252.076489
-1233.261322
259.267907
900.545448
-1348.433141
748.385554
428.991296
-1275.607775
1136.027298
-103.643026
-1038.688989
1396.624954
-651.501816
-655.696628
1498.117585
-1162.669487
-136.351844
1370.928268
-1520.727436
446.236011
963.414550
-1547.294504
882.069223
378.489760
-1146.383560
899.043369
-73.592836
-483.899266
397.508125
-50.111454
26.393838
-373.010998
524.904774
1.809958
-924.412928
1331.076971
-590.808223
-881.644611
1855.440398
-1381.816295
-269.197271
1765.585038
-1866.246401
514.694294
1133.420505
-1753.721059
986.778089
356.970381
-1131.579418
881.715832
-109.077163
-374.466817
278.009729
-8.851888
85.484187
-474.620772
596.772539
-13.250490
-949.893501
1371.630646
-626.478386
-870.030620
1877.057951
-1414.954555
-267.368416
1809.330447
-1911.663568
505.047876
1190.691991
-1785.123544
950.514972
394.571401
-1067.150598
734.779868
-57.340029
-184.905254
-46.464479
138.980461
300.466402
-864.998054
778.697224
140.440813
-1132.614149
1237.467649
-330.452324
-724.185690
996.450287
-448.739304
-145.481370
176.515788
116.688274
-54.728190
-520.237950
950.060626
-538.679941
-527.501049
1267.462803
-959.602341
-56.857655
777.185013
-653.755541
123.864909
43.130705
263.567589
-396.907776
-146.911970
969.311786
-1138.659504
290.623646
862.367099
-1259.448186
632.356350
260.617842
-550.937507
219.633368
17.561456
297.504292
-739.803503
519.314682
477.911072
-1394.991458
1260.543668
-55.995452
-1202.023259
1458.592036
-619.396636
-466.883588
920.227355
-613.240721
82.596856
165.469658
-121.651696
89.839076
-214.670097
320.354442
-187.759076
-134.674995
369.232683
-318.741686
65.363757
148.589018
-181.859228
96.332535
-28.504467
23.300341
-20.344023
-31.713758
98.262908
-106.110491
37.843469
47.306239
-81.287603
54.584106
-10.373316
-12.108692
12.549705
-12.240731
19.534567
-22.742698
11.200405
8.433427
-20.156063
16.892834
-5.795805
-2.473980
4.635735
-4.218643
4.259680
-4.023152
2.037753
0.788611
-2.328203
2.063854
-1.319613
1.103577
-0.971007
0.199336
0.875233
-1.312519
0.898108
-0.337397
0.195859
-0.229034
-0.047480
0.548622
-0.751965
0.462521
-0.055292
-0.079479
0.022295
-0.091164
0.322826
-0.434119
0.254773
0.033366
-0.161921
0.120112
-0.100714
0.183655
-0.233512
0.123575
0.070169
-0.174438
0.144474
-0.088894
0.090663
-0.099675
0.033385
0.085510
-0.154286
0.126476
-0.060082
0.024701
-0.013624
-0.021744
0.083299
-0.116907
0.087456
-0.024821
-0.019180
0.033698
-0.045562
0.066636
-0.073557
0.044511
0.005724
-0.042208
0.050646
-0.045738
0.042079
-0.033758
0.009312
0.024732
-0.047315
0.046995
-0.032385
0.017227
-0.003903
-0.012745
0.030939
-0.039905
0.032705
-0.014956
-0.002155
0.013630
-0.021638
0.027198
-0.026349
0.016016
-0.000066
-0.013464
0.019974
-0.020689
0.018114
-0.012190
0.002272
0.009127
-0.017017
0.018370
-0.014373
0.008041
-0.001044
-0.006194
0.012357
-0.014964
0.012631
-0.006684
-0.000060
0.005610
-0.009399
0.011111
-0.010041
0.006003
-0.000293
-0.004893
0.007987
-0.008724
0.007497
-0.004638
0.000588
0.003606
-0.006528
0.007279
-0.005984