-1000.000000
767.148013
0.000000
-875.096207
1297.026824
-947.677327
0.000000
965.618888
-1343.175506
916.028104
0.000000
-794.152376
1000.000000
-580.687799
0.000000
294.544663
-202.076281
-8.646918
0.000000
293.274289
-590.515460
524.373736
0.000000
-671.851855
1000.000000
-685.283885
-0.000000
561.712993
-656.131871
345.984323
0.000000
-63.985580
-129.743332
251.314745
0.000000
-563.512886
1000.000000
-825.957588
0.000000
1010.039388
-1513.820348
1107.412449
-0.000000
-1107.804974
1514.821162
-1010.913995
-0.000000
826.506857
-1000.000000
552.947506
0.000000
-221.297946
76.448763
107.224891
-0.000000
-392.244788
717.143792
-598.495060
0.000000
700.141417
-1000.000000
637.729263
-0.000000
-423.914600
408.549591
-142.402531
-0.000000
-160.951451
432.192460
-437.684910
0.000000
642.913293
-1000.000000
684.941276
0.000000
-555.582559
641.207168
-330.849081
0.000000
42.022982
162.104367
-272.724930
0.000000
573.538337
-1000.000000
773.570885
-0.000000
-856.869114
1237.587182
-879.532790
-0.000000
854.763873
-1174.002169
800.657465
0.000000
-736.883678
1000.000000
-721.134268
0.000000
756.870358
-1097.064731
792.975642
-0.000000
-814.723406
1152.932392
-987.532289
555.946481
0.000000
-500.000000
754.331303
-723.819136
485.921218
-193.021889
0.000000
6.777514
152.432935
-362.400909
469.056102
-354.939303
0.000000
500.000000
-941.497468
1154.037197
-1040.089154
614.434508
-0.000000
-616.613874
1051.048555
-1182.720335
989.958023
-548.789759
-0.000000
500.000000
-831.985046
925.530259
-776.141501
437.063067
0.000000
-427.720493
744.574790
-873.125320
775.070330
-462.174613
-0.000000
500.000000
-921.363907
1126.964256
-1026.720943
618.007452
0.000000
-649.294135
1129.679656
-1289.880937
1085.137802
-596.298961
-0.000000
500.000000
-711.867118
626.095088
-361.813236
101.538547
0.000000
109.977833
-359.666924
591.516274
-643.295215
432.030166
-0.000000
-500.000000
820.681628
-857.680583
635.398242
-290.097623
0.000000
103.200319
1.489693
-215.398936
370.781379
-316.827935
0.000000
500.000000
-941.077860
1150.453688
-1032.580937
606.972157
0.000000
-603.058847
1024.149975
-1150.359300
963.736008
-536.640983
0.000000
500.000000
-896.145391
1073.281967
-963.736008
575.179650
0.000000
-603.058847
1054.485580
-1213.944313
1032.580937
-575.226844
0.000000
500.000000
-718.216232
640.035619
-378.678352
-226.719964
14.062585
167.009198
-275.117894
283.936703
-187.213954
-0.000000
244.218406
-500.000000
685.283885
-779.271151
767.314218
-656.131871
472.623374
-258.830064
63.985580
64.871666
-91.987581
-0.000000
206.260032
-500.000000
825.957588
-1136.351705
1379.739463
-1513.820348
1512.753538
-1371.701497
1107.804974
-757.410581
370.020203
0.000000
-302.522506
500.000000
-552.947506
476.823926
-302.298617
76.448763
146.471925
-315.433936
392.244788
-358.571896
219.064396
0.000000
-256.269545
500.000000
-637.729263
663.666690
-579.078113
408.549591
-194.525475
-11.738998
160.951451
-216.096230
160.203796
-0.000000
-235.322598
500.000000
-687.258657
781.692765
-767.747819
652.528195
-464.349298
247.091066
-51.493704
-74.891263
97.144047
0.000000
-208.880335
500.000000
-784.136265
1033.842902
-1211.508687
1290.881751
-1260.530133
1124.610431
-901.024338
617.507045
-306.524143
-0.000000
275.156380
-500.000000
687.011676
-820.432816
896.674404
-915.098861
877.130217
-785.698498
645.125037
-461.408106
242.739443
0.000000
-253.034763
500.000000
-722.802649
903.421020
-1025.544537
1076.691089
-1050.065776
945.862234
-771.722653
542.204220
-277.270091
-0.000000
266.135168