-0.000000
0.000000
-0.000000
0.000000
-0.000000
-0.000000
0.000000
-0.000000
0.000000
-0.000000
-0.000001
0.000004
-0.000008
0.000000
0.000051
-0.000161
0.000197
0.000257
-0.001618
0.003060
-0.000998
-0.009386
0.025467
-0.025216
-0.027793
0.137748
-0.204999
0.027948
0.499715
-1.048949
0.762933
1.082820
-3.766835
4.437337
0.165661
-9.531392
16.250978
-9.297856
-14.989518
42.169279
-43.064051
-2.587336
76.759454
-118.800542
66.006762
81.058522
-226.522536
230.200628
-25.732634
-285.677953
467.113260
-315.777890
-145.294709
622.922226
-733.942646
303.550029
449.082195
-1012.974607
936.738476
-182.095233
-796.732965
1335.527612
-1021.936040
7.705549
1064.605067
-1485.971221
967.476808
153.919470
-1142.923504
1372.543782
-750.260510
-243.855813
930.552536
-928.710331
394.089685
173.863617
-376.119322
222.756054
-47.664577
129.191446
-387.525034
458.093788
-80.125207
-577.166526
992.479439
-742.040654
-80.539523
881.548457
-1044.201498
458.486209
373.669388
-766.992060
444.985878
227.756900
-580.511315
243.810850
506.070459
-970.441951
631.538378
377.116249
-1332.875819
1475.101182
-604.787413
-740.509172
1668.988813
-1576.008508
560.415643
681.024391
-1376.527189
1210.665711
-473.685753
-246.637142
547.487041
-467.875341
334.972745
-378.007660
485.541162
-337.881571
-214.585035
904.601463
-1204.738281
781.340254
163.593719
-1001.228621
1172.336746
-641.065242
-103.121706
496.831944
-389.283862
114.814075
-98.625732
393.071107
-609.931013
326.574102
429.960222
-1114.003504
1114.137810
-326.545563
-693.546171
1172.111746
-772.786375
-115.315939
719.243498
-552.920499
-171.838808
745.485030
-585.522980
-257.451073
1132.736546
-1313.225108
566.349254
673.459458
-1626.567850
1701.434160
-848.546222
-461.511822
1547.402019
-1879.745341
1311.690078
-119.362797
-1125.596468
1808.814613
-1577.884585
559.541827
671.724383
-1418.434626
1303.998602
-520.652184
-329.248290
697.656232
-494.411967
96.327935
39.337048
191.565190
-454.066096
316.557267
293.529677
-951.282011
1064.722494
-400.298534
-658.683276
1363.489466
-1170.657690
171.517501
961.427052
-1460.985752
1003.573214
92.979830
-1119.665840
1454.818116
-930.066153
-122.561474
1108.968034
-1508.327615
1120.297024
-136.976684
-956.235754
1601.887955
-1438.349057
505.413558
732.858416
-1604.976980
1606.011031
-716.506790
-552.216832
1449.884063
-1452.535196
600.359997
527.598698
-1199.030158
1019.238802
-187.937036
-661.974224
930.535603
-481.470966
-283.366175
759.169172
-616.143283
37.050049
472.841993
-531.592900
191.672501
153.014329
-167.572040
-96.847664
264.476216
-31.857975
-483.786164
801.275298
-515.694239
-279.520768
1003.600961
-1061.266496
370.003972
539.581759
-960.430593
608.523872
142.603758
-599.681509
361.430785
331.690560
-809.510146
555.584197
338.926809
-1226.177351
1401.996642
-643.739674
-625.287606
1636.193725
-1783.516398
980.178765
336.817055
-1487.131953
1906.888644
-1404.402703
231.141695
1035.257090
-1758.288261
1569.138812
-591.595118
-600.256309
1320.694149
-1213.939405
481.359721
296.701019
-618.784727
429.255235
-88.741810
-11.398374
-173.386738
327.455692
-133.316516
-356.883545
720.327895
-559.877844
-77.429322
683.926815
-729.296034
159.099989
524.751619
-703.472564
210.282358
500.676461
-757.102915
286.455057
515.125748
-918.105735
509.512418
418.404217
-1090.138312
896.501806
79.343248
-1102.974382
1363.834711
-615.773649
-626.633288
1479.438255
-1350.093342
356.961593
794.520264
-1354.599575
1058.681262
-250.044290
-459.196209
681.502491
-495.476581
266.150381
-243.244533
320.929285
-180.971466
-324.769487
934.225610
-1139.936630
640.421779
332.989090
-1141.702049
1241.472561
-626.179897
-186.784139
618.728910
-516.080783
216.646837
-151.356175
381.992677
-536.130695
210.939210
551.147402
-1202.264879
1144.039438
-294.264972
-772.179596
1270.806627
-864.520467
-52.367807
699.181660
-580.282434
-104.184207
656.563620
-501.858400
-310.662804
1140.908683
-1277.142085
500.220188
748.669879
-1690.386494
1738.696429
-851.506731
-492.438783
1603.533457
-1945.416551
1368.032676
-150.171026
-1128.270681
1842.160361
-1630.113903
614.700265
628.517761
-1397.361213
1308.980412
-549.206040
-285.299720
650.482858
-457.171959
79.290967
32.127632
219.626968
-493.677704
355.952893
264.867139
-940.013934
1072.582263
-424.235238
-625.559522
1330.282112
-1146.405414
162.644631
953.080192
-1438.667741
974.371720
120.583594
-1138.380510
1460.357674
-921.866279
-141.562217
1133.212047
-1531.070846
1135.489534
-141.135402
-963.069044
1616.876063
-1457.898977
526.635332
713.264702
-1593.743668
1613.663523
-750.061606
-502.300379
1415.799186
-1472.989855
683.078341
435.817263
-1193.576987
1159.314714
-410.361396
-545.183022
1102.193307
-928.089509
147.162150
752.459923
-1216.236475
946.746088
-74.640208
-911.637587
1437.429713
-1168.800746
215.070938
913.404228
-1581.786954
1394.143396
-433.682704
-770.230545
1540.720323
-1446.840626
556.581766
604.997250
-1368.171777
1312.494497
-506.091334
-548.316082
1220.904648
-1127.566167
348.164922
631.999357
-1215.852176
1047.996615
-222.849673
-770.965995
1336.592813
-1120.166663
223.889317
845.036882
-1464.281628
1259.700620
-329.923449
-802.854132
1491.735500
-1340.998450
438.037854
696.533682
-1412.297565
1307.458494
-459.784719
-624.344546
1310.379042
-1207.183834
391.931996
641.208098
-1275.572519
1135.483570
-306.034298
-718.344380
1325.577357
-1147.051786
276.761072
780.506204
-1402.992529
1216.898965
-318.580589
-777.599572
1437.097804
-1275.375754
383.538197
723.520805
-1406.766098
1275.181150
-412.550039
-673.546031
1349.872790
-1227.598659
387.653661
669.664629
-1320.117770
1182.176626
-340.109671
-706.678675
1337.853951
-1177.247264
314.774503
745.117578
-1378.687933
1209.129583
-329.070942
-751.626854
1402.965217
-1243.249380
363.064365
726.744104
-1393.007981
1249.854732
-383.685025
-698.075388
1364.216706
-1228.769617
375.818450
691.160328
-1345.265610
1203.759377
-351.934317
-707.656065
1350.574172
-1197.217447
335.894085
728.554668
-1370.594898
1211.016248
-339.983937
-734.824143
1384.930712
-1229.009722
356.538843
724.010552
-1382.304892
1234.727502
-368.626373
-709.041434
1368.536143
-1225.775510
366.678452
703.809369
-1357.944686
1213.019495
-355.326616
-710.833175
1359.083639
-1208.357776
346.429686
721.406540
-1368.467738
1214.123039
-347.214347
-725.553336
1376.150435
-1223.059187
354.930571
721.026236
-1375.792780
1226.693436
-361.361131
-713.641789
1369.444515
-1223.003738
361.171766
710.469690
-1363.953155
1216.804563
-355.964406
-713.368466
1363.931817
-1214.058883
351.383227
718.477766
-1368.199643
1216.407427
-351.295669
-720.842021
1372.077760
-1220.672879
354.788837
718.996419
-1372.257878
1222.699419
-358.014312
-715.488873
1369.403792
-1221.211690
358.208133
713.761461
-1366.692283
1218.297024
-355.876705
-714.930684
1366.467393
-1216.827999
353.627794
717.322669
-1368.367472
1217.766414
-353.413606
-718.565054
1370.247352
-1219.746298
354.962962
717.827609
-1370.462879
1220.795983
-356.518157
-716.205651
1369.202809
-1220.206339
356.713805
715.323449
-1367.908874
1218.868334
-355.688158
-715.786163
1367.723858
-1218.129345
354.632609
716.857024
-1368.559907
1218.623952
-354.757716
-717.334638
1370.214451
-1221.580740
356.994090
720.208094
-1380.347820
1231.253036
-348.870399
-754.789420
1416.561799
-1215.598026
254.905274
863.673265
-1408.384161
1023.863382
-5.996504
-909.292278
1114.695974
-588.800330
-158.692912
581.397783
-538.598951
281.212931
-82.471186
-30.868928
178.616320
-362.377794
410.826672
-198.275070
-164.091322
415.828522
-399.494153
175.798429
90.686324
-281.713262
338.730935
-214.444878
-79.513619
373.321965
-396.580706
36.961864
462.636165
-648.449936
266.502381
457.437232
-963.832980
810.056919
-28.324273
-888.464297
1324.657302
-945.646525
-76.996561
1139.805405
-1559.870492
1025.818167
150.982238
-1211.980917
1477.342176
-834.228169
-206.406045
928.136641
-947.883066
439.375895
100.630091
-299.675551
181.268165
-57.581020
173.837306
-440.726604
508.020631
-124.816985
-547.476978
994.849071
-781.187649
-22.534050
830.931726
-1015.009316
449.971504
364.346420
-738.562655
400.339355
274.050088
-609.439432
246.341097
524.825011
-1000.218428
665.439814
344.219772
-1309.475474
1470.813602
-622.078360
-709.648364
1636.847470
-1551.143816
546.337280
682.220514
-1363.222339
1185.235587
-444.445728
-269.364845
557.449031
-464.750618
321.535078
-357.563645
462.481936
-318.616004
-223.694459
900.991430
-1190.946291
762.648503
182.149134
-1015.680108
1179.289361
-638.290975
-114.965599
513.699177
-405.641147
126.261929
-102.986870
389.909712
-600.131256
312.638322
443.983001
-1123.882942
1117.307518
-322.872885
-702.392798
1183.629170
-784.093398
-107.184170
716.557309
-556.262339
-163.860371
735.488587
-576.256992
-263.779429
1134.694855
-1310.392648
559.605039
682.041993
-1634.446174
1706.529810
-849.791561
-464.140198
1553.051067
-1886.850880
1318.278467
-123.620189
-1124.706010
1811.266903
-1582.766020
565.440534
666.357096
-1414.971684
1303.299483
-522.780854
-325.048687
692.667556
-489.999295
93.579572
39.815150
193.376672
-457.585571
320.746169
289.849129
-949.059654
1064.433708
-401.884431
-655.741714
1360.026305
-1167.615895
169.692754
961.616459
-1459.599976
1001.087240
95.847607
-1122.151590
1456.295122
-930.196334
-123.739878
1111.060895
-1510.718365
1122.337434
-138.159772
-956.163773
1602.883004
-1440.091072
507.397920
731.174620
-1604.020265
1605.983745
-717.354700
-550.768603
1448.248385
-1451.152592
599.581643
527.603328
-1198.309735
1018.030479
-186.588043
-663.103866
931.164198
-481.462816
-283.971254
760.174546
-617.258182
37.974757
472.336572
-531.611985
192.179088
152.182229
-166.653053
-97.605911
264.884464
-31.832000
-484.211351
801.963382
-516.449231
-278.900711
1003.270470
-1061.294395
370.359961
539.012312
-959.810374
608.018011
142.870302
-599.653787
361.134343
332.160930
-810.019835
555.997152
338.712243
-1226.204455
1402.243042
-644.127157
-624.869442
1635.856503
-1783.343314
980.204464
336.612207
-1486.813000
1906.546172
-1404.127755
231.001977
1035.233611
-1758.118272
1568.876318
-591.314735
-600.480208
1320.806716
-1213.918330
481.219059
296.916761
-619.014221
429.437571
-88.832426
-11.417179
-173.270494
327.278650
-133.128880
-357.032008
720.400903
-559.861242
-77.525337
684.071996
-729.449284
159.220757
524.692791
-703.487031
210.361555
500.557465
-756.977804
286.356890
515.173103
-918.093221
509.447202
418.501657
-1090.240408
896.581586
79.305146
-1102.985165
1363.888362
-615.853359
-626.550037
1479.373438
-1350.062675
356.970834
794.476157
-1354.534408
1058.613425
-249.991662
-459.220890
681.494619
-495.440358
266.097133
-243.189281
320.886576
-180.951615
-324.762808
934.195893
-1139.893152
640.376798
333.023739
-1141.718011
1241.466910
-626.155538
-186.819613
618.765509
-516.108883
216.659671
-151.351409
381.972723
-536.101768
210.909448
551.170181
-1202.275197
1144.035433
-294.248641
-772.203174
1270.830819
-864.538926
-52.359514
699.185017
-580.295791
-104.165001
656.543963
-501.843448
-310.669467
1140.905874
-1277.131169
500.204552
748.685844
-1690.398603
1738.701782
-851.504386
-492.447700
1603.546181
-1945.429512
1368.042479
-150.175327
-1128.272634
1842.167640
-1630.124253
614.710783
628.509828
-1397.357759
1308.982037
-549.211978
-285.291305
650.474326
-457.165542
79.288195
32.126283
219.631810
-493.684541
355.959809
264.861950
-940.011710
1072.583382
-424.239183
-625.553970
1330.276508
-1146.401221
162.642846
953.079267
-1438.664529
974.367213
120.588134
-1138.383898
1460.359106
-921.865514
-141.564830
1133.215704
-1531.074523
1135.492272
-141.136551
-963.069675
1616.878189
-1457.901944
526.638309
713.262491
-1593.742746
1613.664043
-750.063335
-502.297973
1415.796776
-1472.988069
683.077601
435.816835
-1193.575581
1159.312763
-410.359446
-545.184464
1102.193900
-928.089157
147.161008
752.461503
-1216.238053
946.747253
-74.640685
-911.637876
1437.430641
-1168.802027
215.072214
913.403287
-1581.786572
1394.143633
-433.683457
-770.229508
1540.719291
-1446.839867
556.581460
604.997055
-1368.171165
1312.493657
-506.090499
-548.316694
1220.904894
-1127.566007
348.164425
632.000038
-1215.852851
1047.997110
-222.849870
-770.966126
1336.593217
-1120.167214
223.889863
845.036483
-1464.281470
1259.700729
-329.923777
-802.853685
1491.735058
-1340.998128
438.037728
696.533593
-1412.297299
1307.458132
-459.784361
-624.344806
1310.379143
-1207.183761
391.931779
641.208392
-1275.572808
1135.483780
-306.034379
-718.344440
1325.577533
-1147.052024
276.761307
780.506034
-1402.992464
1216.899015
-318.580733
-777.599378
1437.097613
-1275.375616
383.538145
723.520764
-1406.765981
1275.180992
-412.549885
-673.546142
1349.872832
-1227.598625
387.653565
669.664757
-1320.117894
1182.176714
-340.109704
-706.678704
1337.854029
-1177.247367
314.774603
745.117507
-1378.687907
1209.129607
-329.071005
-751.626770
1402.965136
-1243.249323
363.064344
726.744085
-1393.007930
1249.854664
-383.684960
-698.075434
1364.216722
-1228.769601
375.818408
691.160383
-1345.265663
1203.759414
-351.934330
-707.656079
1350.574206
-1197.217491
335.894128
728.554639
-1370.594888
1211.016259
-339.983965
-734.824107
1384.930678
-1229.009698
356.538836
724.010543
-1382.304869
1234.727473
-368.626345
-709.041453
1368.536149
-1225.775503
366.678434
703.809393
-1357.944709
1213.019511
-355.326622
-710.833181
1359.083654
-1208.357796
346.429705
721.406526
-1368.467733
1214.123044
-347.214360
-725.553319
1376.150419
-1223.059174
354.930566
721.026233
-1375.792770
1226.693421
-361.361116
-713.641801
1369.444520
-1223.003736
361.171757
710.469703
-1363.953169
1216.804573
-355.964411
-713.368469
1363.931825
-1214.058894
351.383239
718.477757
-1368.199640
1216.407429
-351.295676
-720.842012
1372.077751
-1220.672872
354.788834
718.996417
-1372.257873
1222.699412
-358.014305
-715.488879
1369.403794
-1221.211688
358.208129
713.761468
-1366.692290
1218.297029
-355.876708
-714.930684
1366.467396
-1216.828003
353.627800
717.322664
-1368.367468
1217.766413
-353.413607
-718.565050
1370.247347
-1219.746294
354.962958
717.827611
-1370.462879
1220.795981
-356.518154
-716.205655
1369.202813
-1220.206342
356.713806
715.323450
-1367.908876
1218.868337
-355.688162
-715.786160
1367.723856
-1218.129345
354.632610
716.857022
-1368.559905
1218.623950
-354.757715
-717.334639
1370.214452
-1221.580739
356.994089
720.208095
-1380.347821
1231.253038
-348.870400
-754.789419
1416.561799
-1215.598027
254.905275
863.673263
-1408.384160
1023.863381
-5.996504
-909.292278
1114.695973
-588.800330
-158.692912
581.397784
-538.598951
281.212931
-82.471186
-30.868928
178.616321
-362.377795
410.826672
-198.275070
-164.091322
415.828522
-399.494153
175.798429
90.686324
-281.713263
338.730935
-214.444878
-79.513619
373.321966
-396.580707
36.961865
462.636165
-648.449936
266.502381
457.437231
-963.832980
810.056918
-28.324273
-888.464297
1324.657302
-945.646525
-76.996562
1139.805405
-1559.870492
1025.818167
150.982239
-1211.980918
1477.342176
-834.228169
-206.406045
928.136642
-947.883068
439.375896
100.630090
-299.675552
181.268166
-57.581022
173.837308
-440.726606
508.020631
-124.816984
-547.476981
994.849074
-781.187651
-22.534050
830.931727
-1015.009319
449.971508
364.346417
-738.562653
400.339355
274.050086
-609.439429
246.341093
524.825014
-1000.218429
665.439813
344.219775
-1309.475477
1470.813605
-622.078362
-709.648363
1636.847470
-1551.143818
546.337283
682.220511
-1363.222336
1185.235586
-444.445729
-269.364843
557.449027
-464.750614
321.535075
-357.563643
462.481936
-318.616006
-223.694457
900.991426
-1190.946288
762.648501
182.149134
-1015.680107
1179.289358
-638.290971
-114.965602
513.699180
-405.641147
126.261927
-102.986867
389.909708
-600.131253
312.638321
443.983001
-1123.882940
1117.307515
-322.872882
-702.392800
1183.629171
-784.093398
-107.184173
716.557312
-556.262342
-163.860368
735.488586
-576.256992
-263.779427
1134.694852
-1310.392645
559.605036
682.041994
-1634.446173
1706.529807
-849.791558
-464.140201
1553.051069
-1886.850881
1318.278466
-123.620186
-1124.706013
1811.266906
-1582.766021
565.440534
666.357098
-1414.971686
1303.299486
-522.780855
-325.048686
692.667557
-489.999296
93.579574
39.815149
193.376672
-457.585571
320.746168
289.849130
-949.059656
1064.433710
-401.884432
-655.741713
1360.026306
-1167.615896
169.692756
961.616457
-1459.599973
1001.087238
95.847607
-1122.151589
1456.295119
-930.196331
-123.739880
1111.060897
-1510.718366
1122.337433
-138.159770
-956.163775
1602.883007
-1440.091074
507.397921
731.174620
-1604.020267
1605.983747
-717.354703
-550.768601
1448.248384
-1451.152592
599.581645
527.603325
-1198.309731
1018.030476
-186.588041
-663.103866
931.164196
-481.462813
-283.971258
760.174550
-617.258184
37.974757
472.336575
-531.611989
192.179092
152.182225
-166.653051
-97.605911
264.884462
-31.831997
-484.211355
801.963386
-516.449233
-278.900711
1003.270472
-1061.294398
370.359965
539.012308
-959.810372
608.018011
142.870300
-599.653784
361.134340
332.160933
-810.019837
555.997152
338.712245
-1226.204458
1402.243045
-644.127159
-624.869441
1635.856504
-1783.343316
980.204467
336.612205
-1486.812998
1906.546172
-1404.127755
231.001979
1035.233608
-1758.118270
1568.876316
-591.314734
-600.480207
1320.806715
-1213.918328
481.219057
296.916763
-619.014222
429.437570
-88.832424
-11.417182
-173.270491
327.278648
-133.128879
-357.032007
720.400901
-559.861239
-77.525341
684.071999
-729.449285
159.220756
524.692794
-703.487035
210.361559
500.557462
-756.977803
286.356891
515.173100
-918.093217
509.447198
418.501660
-1090.240409
896.581585
79.305149
-1102.985169
1363.888365
-615.853361
-626.550036
1479.373439
-1350.062678
356.970838
794.476154
-1354.534407
1058.613425
-249.991665
-459.220886
681.494615
-495.440354
266.097132
-243.189282
320.886580
-180.951619
-324.762804
934.195890
-1139.893152
640.376799
333.023736
-1141.718006
1241.466905
-626.155535
-186.819614
618.765507
-516.108880
216.659666
-151.351404
381.972720
-536.101766
210.909450
551.170177
-1202.275192
1144.035428
-294.248637
-772.203176
1270.830818
-864.538922
-52.359519
699.185022
-580.295794
-104.165000
656.543964
-501.843452
-310.669462
1140.905869
-1277.131165
500.204551
748.685842
-1690.398599
1738.701777
-851.504381
-492.447703
1603.546181
-1945.429509
1368.042475
-150.175322
-1128.272638
1842.167642
-1630.124253
614.710781
628.509832
-1397.357762
1308.982039
-549.211979
-285.291305
650.474327
-457.165543
79.288196
32.126282
219.631811
-493.684543
355.959810
264.861950
-940.011710
1072.583383
-424.239186
-625.553967
1330.276504
-1146.401220
162.642846
953.079264
-1438.664525
974.367209
120.588137
-1138.383899
1460.359105
-921.865510
-141.564835
1133.215709
-1531.074526
1135.492273
-141.136550
-963.069679
1616.878193
-1457.901948
526.638312
713.262490
-1593.742747
1613.664046
-750.063339
-502.297970
1415.796774
-1472.988068
683.077602
435.816832
-1193.575577
1159.312760
-410.359444
-545.184464
1102.193898
-928.089153
147.161003
752.461507
-1216.238054
946.747252
-74.640681
-911.637881
1437.430645
-1168.802030
215.072215
913.403290
-1581.786576
1394.143639
-433.683462
-770.229505
1540.719291
-1446.839870
556.581465
604.997049
-1368.171161
1312.493655
-506.090501
-548.316690
1220.904888
-1127.566002
348.164422
632.000038
-1215.852848
1047.997105
-222.849865
-770.966131
1336.593218
-1120.167213
223.889859
845.036489
-1464.281476
1259.700732
-329.923778
-802.853688
1491.735063
-1340.998133
438.037733
696.533591
-1412.297299
1307.458135
-459.784366
-624.344801
1310.379139
-1207.183760
391.931781
641.208388
-1275.572804
1135.483776
-306.034377
-718.344440
1325.577530
-1147.052020
276.761302
780.506037
-1402.992465
1216.899013
-318.580728
-777.599384
1437.097619
-1275.375620
383.538145
723.520767
-1406.765986
1275.180999
-412.549891
-673.546139
1349.872833
-1227.598629
387.653571
669.664751
-1320.117890
1182.176713
-340.109706
-706.678699
1337.854023
-1177.247362
314.774600
745.117507
-1378.687904
1209.129602
-329.071000
-751.626774
1402.965138
-1243.249322
363.064341
726.744090
-1393.007935
1249.854667
-383.684960
-698.075436
1364.216726
-1228.769606
375.818413
691.160379
-1345.265661
1203.759415
-351.934333
-707.656074
1350.574201
-1197.217487
335.894125
728.554638
-1370.594885
1211.016254
-339.983959
-734.824112
1384.930681
-1229.009699
356.538833
724.010548
-1382.304875
1234.727478
-368.626348
-709.041453
1368.536152
-1225.775508
366.678440
703.809388
-1357.944705
1213.019510
-355.326624
-710.833177
1359.083649
-1208.357791
346.429702
721.406527
-1368.467732
1214.123041
-347.214355
-725.553324
1376.150423
-1223.059177
354.930566
721.026235
-1375.792774
1226.693426
-361.361120
-713.641798
1369.444519
-1223.003737
361.171760
710.469698
-1363.953163
1216.804569
-355.964409
-713.368468
1363.931821
-1214.058888
351.383232
718.477763
-1368.199642
1216.407428
-351.295672
-720.842018
1372.077757
-1220.672877
354.788837
718.996418
-1372.257876
1222.699417
-358.014310
-715.488874
1369.403792
-1221.211688
358.208131
713.761463
-1366.692284
1218.297024
-355.876705
-714.930685
1366.467394
-1216.827999
353.627794
717.322669
-1368.367472
1217.766414
-353.413605
-718.565054
1370.247352
-1219.746298
354.962962
717.827609
-1370.462880
1220.795984
-356.518157
-716.205651
1369.202810
-1220.206341
356.713806
715.323449
-1367.908874
1218.868334
-355.688159
-715.786162
1367.723857
-1218.129345
354.632609
716.857024
-1368.559907
1218.623952
-354.757716
-717.334638
1370.214452
-1221.580740
356.994090
720.208094
-1380.347820
1231.253037
-348.870399
-754.789420
1416.561799
-1215.598027
254.905275
863.673264
-1408.384161
1023.863383
-5.996506
-909.292277
1114.695973
-588.800330
-158.692910
581.397781
-538.598949
281.212929
-82.471185
-30.868927
178.616318
-362.377792
410.826670
-198.275069
-164.091322
415.828520
-399.494151
175.798426
90.686325
-281.713263
338.730934
-214.444876
-79.513621
373.321968
-396.580708
36.961865
462.636166
-648.449938
266.502383
457.437230
-963.832979
810.056919
-28.324274
-888.464295
1324.657300
-945.646524
-76.996562
1139.805405
-1559.870492
1025.818165
150.982240
-1211.980918
1477.342177
-834.228169
-206.406045
928.136643
-947.883068
439.375897
100.630089
-299.675551
181.268165
-57.581021
173.837308
-440.726606
508.020633
-124.816986
-547.476978
994.849072
-781.187650
-22.534049
830.931725
-1015.009315
449.971504
364.346420
-738.562654
400.339354
274.050090
-609.439433
246.341098
524.825011
-1000.218428
665.439815
344.219771
-1309.475472
1470.813600
-622.078359
-709.648364
1636.847469
-1551.143814
546.337278
682.220516
-1363.222340
1185.235587
-444.445727
-269.364847
557.449032
-464.750619
321.535079
-357.563645
462.481935
-318.616003
-223.694461
900.991431
-1190.946292
762.648503
182.149135
-1015.680110
1179.289362
-638.290976
-114.965599
513.699178
-405.641148
126.261930
-102.986871
389.909712
-600.131255
312.638321
443.983003
-1123.882943
1117.307518
-322.872884
-702.392799
1183.629171
-784.093399
-107.184170
716.557310
-556.262341
-163.860369
735.488586
-576.256991
-263.779428
1134.694854
-1310.392647
559.605038
682.041994
-1634.446174
1706.529809
-849.791560
-464.140200
1553.051068
-1886.850880
1318.278466
-123.620187
-1124.706012
1811.266905
-1582.766020
565.440534
666.357097
-1414.971685
1303.299485
-522.780855
-325.048686
692.667557
-489.999296
93.579574
39.815149
193.376672
-457.585571
320.746168
289.849130
-949.059656
1064.433710
-401.884431
-655.741714
1360.026306
-1167.615897
169.692756
961.616457
-1459.599974
1001.087240
95.847605
-1122.151588
1456.295119
-930.196332
-123.739879
1111.060895
-1510.718363
1122.337431
-138.159769
-956.163775
1602.883005
-1440.091071
507.397918
731.174623
-1604.020268
1605.983747
-717.354701
-550.768604
1448.248388
-1451.152596
599.581647
527.603325
-1198.309734
1018.030480
-186.588045
-663.103862
931.164195
-481.462814
-283.971255
760.174545
-617.258180
37.974755
472.336575
-531.611987
192.179089
152.182228
-166.653053
-97.605910
264.884462
-31.831998
-484.211353
801.963384
-516.449232
-278.900711
1003.270472
-1061.294397
370.359964
539.012309
-959.810372
608.018011
142.870301
-599.653784
361.134340
332.160933
-810.019837
555.997153
338.712244
-1226.204457
1402.243045
-644.127160
-624.869440
1635.856502
-1783.343315
980.204467
336.612204
-1486.812997
1906.546170
-1404.127754
231.001978
1035.233608
-1758.118269
1568.876315
-591.314733
-600.480208
1320.806715
-1213.918328
481.219057
296.916763
-619.014223
429.437571
-88.832425
-11.417181
-173.270491
327.278648
-133.128879
-357.032008
720.400902
-559.861240
-77.525340
684.071999
-729.449286
159.220757
524.692793
-703.487034
210.361559
500.557462
-756.977803
286.356891
515.173100
-918.093217
509.447198
418.501660
-1090.240408
896.581584
79.305149
-1102.985169
1363.888366
-615.853361
-626.550037
1479.373440
-1350.062679
356.970838
794.476154
-1354.534407
1058.613426
-249.991665
-459.220886
681.494615
-495.440355
266.097133
-243.189283
320.886580
-180.951618
-324.762806
934.195893
-1139.893154
640.376800
333.023736
-1141.718009
1241.466909
-626.155539
-186.819611
618.765507
-516.108881
216.659670
-151.351409
381.972724
-536.101768
210.909450
551.170179
-1202.275196
1144.035432
-294.248640
-772.203174
1270.830818
-864.538924
-52.359515
699.185018
-580.295792
-104.165001
656.543964
-501.843449
-310.669466
1140.905872
-1277.131167
500.204551
748.685843
-1690.398602
1738.701781
-851.504384
-492.447701
1603.546182
-1945.429511
1368.042478
-150.175325
-1128.272636
1842.167641
-1630.124254
614.710783
628.509829
-1397.357760
1308.982038
-549.211980
-285.291304
650.474325
-457.165541
79.288194
32.126283
219.631811
-493.684543
355.959811
264.861948
-940.011708
1072.583381
-424.239184
-625.553968
1330.276504
-1146.401218
162.642843
953.079268
-1438.664529
974.367211
120.588138
-1138.383902
1460.359110
-921.865516
-141.564831
1133.215707
-1531.074527
1135.492276
-141.136555
-963.069674
1616.878190
-1457.901947
526.638313
713.262486
-1593.742742
1613.664042
-750.063336
-502.297970
1415.796772
-1472.988065
683.077598
435.816836
-1193.575580
1159.312760
-410.359442
-545.184468
1102.193902
-928.089157
147.161005
752.461507
-1216.238057
946.747256
-74.640686
-911.637877
1437.430644
-1168.802030
215.072218
913.403286
-1581.786572
1394.143636
-433.683461
-770.229504
1540.719288
-1446.839866
556.581461
604.997052
-1368.171161
1312.493653
-506.090497
-548.316694
1220.904891
-1127.566003
348.164421
632.000041
-1215.852852
1047.997108
-222.849867
-770.966130
1336.593220
-1120.167216
223.889863
845.036485
-1464.281474
1259.700732
-329.923780
-802.853685
1491.735059
-1340.998130
438.037731
696.533590
-1412.297297
1307.458132
-459.784363
-624.344803
1310.379141
-1207.183759
391.931779
641.208391
-1275.572807
1135.483778
-306.034377
-718.344441
1325.577533
-1147.052023
276.761305
780.506036
-1402.992465
1216.899015
-318.580732
-777.599380
1437.097616
-1275.375619
383.538147
723.520764
-1406.765982
1275.180995
-412.549889
-673.546139
1349.872831
-1227.598626
387.653568
669.664753
-1320.117890
1182.176712
-340.109704
-706.678702
1337.854025
-1177.247363
314.774599
745.117509
-1378.687907
1209.129604
-329.071000
-751.626775
1402.965140
-1243.249325
363.064343
726.744088
-1393.007935
1249.854669
-383.684963
-698.075432
1364.216723
-1228.769604
375.818413
691.160378
-1345.265659
1203.759413
-351.934331
-707.656075
1350.574201
-1197.217486
335.894124
728.554640
-1370.594887
1211.016256
-339.983960
-734.824111
1384.930681
-1229.009700
356.538835
724.010545
-1382.304872
1234.727476
-368.626347
-709.041451
1368.536149
-1225.775503
366.678435
703.809391
-1357.944706
1213.019509
-355.326620
-710.833182
1359.083654
-1208.357795
346.429703
721.406529
-1368.467737
1214.123047
-347.214361
-725.553321
1376.150422
-1223.059179
354.930571
721.026230
-1375.792770
1226.693424
-361.361120
-713.641796
1369.444516
-1223.003734
361.171757
710.469700
-1363.953164
1216.804568
-355.964407
-713.368470
1363.931824
-1214.058891
351.383235
718.477762
-1368.199643
1216.407431
-351.295675
-720.842014
1372.077754
-1220.672875
354.788837
718.996416
-1372.257873
1222.699414
-358.014308
-715.488876
1369.403792
-1221.211688
358.208130
713.761466
-1366.692287
1218.297026
-355.876707
-714.930685
1366.467395
-1216.828002
353.627798
717.322665
-1368.367470
1217.766413
-353.413607
-718.565051
1370.247348
-1219.746295
354.962960
717.827609
-1370.462877
1220.795980
-356.518153
-716.205654
1369.202811
-1220.206340
356.713803
715.323452
-1367.908877
1218.868337
-355.688160
-715.786163
1367.723859
-1218.129348
354.632612
716.857021
-1368.559906
1218.623953
-354.757718
-717.334635
1370.214449
-1221.580738
356.994090
720.208093
-1380.347817
1231.253033
-348.870396
-754.789421
1416.561798
-1215.598024
254.905271
863.673268
-1408.384163
1023.863382
-5.996502
-909.292282
1114.695978
-588.800333
-158.692910
581.397784
-538.598954
281.212934
-82.471189
-30.868925
178.616319
-362.377795
410.826675
-198.275073
-164.091319
415.828520
-399.494152
175.798429
90.686322
-281.713260
338.730932
-214.444876
-79.513620
373.321966
-396.580705
36.961863
462.636167
-648.449938
266.502382
457.437231
-963.832981
810.056920
-28.324275
-888.464295
1324.657301
-945.646525
-76.996561
1139.805404
-1559.870491
1025.818165
150.982240
-1211.980918
1477.342176
-834.228168
-206.406045
928.136642
-947.883068
439.375896
100.630090
-299.675551
181.268165
-57.581021
173.837307
-440.726606
508.020632
-124.816985
-547.476979
994.849072
-781.187650
-22.534049
830.931725
-1015.009316
449.971505
364.346419
-738.562654
400.339354
274.050088
-609.439432
246.341096
524.825012
-1000.218429
665.439814
344.219772
-1309.475474
1470.813601
-622.078360
-709.648364
1636.847469
-1551.143815
546.337279
682.220515
-1363.222339
1185.235586
-444.445727
-269.364847
557.449032
-464.750618
321.535077
-357.563643
462.481935
-318.616003
-223.694460
900.991430
-1190.946291
762.648502
182.149136
-1015.680110
1179.289362
-638.290976
-114.965599
513.699179
-405.641149
126.261931
-102.986872
389.909713
-600.131256
312.638321
443.983004
-1123.882945
1117.307520
-322.872886
-702.392797
1183.629171
-784.093400
-107.184168
716.557307
-556.262338
-163.860371
735.488587
-576.256990
-263.779431
1134.694857
-1310.392650
559.605040
682.041994
-1634.446176
1706.529812
-849.791564
-464.140197
1553.051066
-1886.850881
1318.278469
-123.620191
-1124.706007
1811.266901
-1582.766019
565.440535
666.357095
-1414.971681
1303.299481
-522.780852
-325.048688
692.667556
-489.999293
93.579571
39.815152
193.376670
-457.585570
320.746168
289.849129
-949.059654
1064.433709
-401.884430
-655.741715
1360.026307
-1167.615897
169.692756
961.616458
-1459.599975
1001.087241
95.847605
-1122.151587
1456.295119
-930.196332
-123.739879
1111.060895
-1510.718363
1122.337430
-138.159768
-956.163775
1602.883005
-1440.091071
507.397917
731.174624
-1604.020269
1605.983748
-717.354701
-550.768604
1448.248388
-1451.152597
599.581648
527.603324
-1198.309733
1018.030479
-186.588045
-663.103862
931.164195
-481.462813
-283.971256
760.174546
-617.258181
37.974755
472.336575
-531.611988
192.179090
152.182227
-166.653053
-97.605910
264.884462
-31.831997
-484.211354
801.963385
-516.449232
-278.900712
1003.270473
-1061.294398
370.359964
539.012309
-959.810373
608.018012
142.870300
-599.653783
361.134340
332.160933
-810.019836
555.997151
338.712246
-1226.204459
1402.243046
-644.127160
-624.869441
1635.856504
-1783.343317
980.204469
336.612203
-1486.812997
1906.546171
-1404.127756
231.001980
1035.233607
-1758.118268
1568.876315
-591.314733
-600.480207
1320.806714
-1213.918327
481.219055
296.916764
-619.014223
429.437571
-88.832424
-11.417182
-173.270490
327.278647
-133.128878
-357.032008
720.400902
-559.861239
-77.525341
684.072000
-729.449286
159.220757
524.692793
-703.487035
210.361559
500.557462
-756.977802
286.356891
515.173101
-918.093218
509.447198
418.501660
-1090.240409
896.581585
79.305148
-1102.985168
1363.888365
-615.853361
-626.550036
1479.373439
-1350.062678
356.970837
794.476155
-1354.534407
1058.613426
-249.991664
-459.220887
681.494616
-495.440355
266.097132
-243.189281
320.886578
-180.951618
-324.762806
934.195892
-1139.893152
640.376798
333.023737
-1141.718009
1241.466907
-626.155536
-186.819614
618.765508
-516.108881
216.659669
-151.351407
381.972721
-536.101767
210.909449
551.170180
-1202.275195
1144.035431
-294.248639
-772.203175
1270.830819
-864.538925
-52.359515
699.185019
-580.295792
-104.165000
656.543963
-501.843449
-310.669466
1140.905872
-1277.131168
500.204551
748.685843
-1690.398602
1738.701781
-851.504384
-492.447701
1603.546182
-1945.429511
1368.042478
-150.175325
-1128.272636
1842.167641
-1630.124254
614.710783
628.509830
-1397.357760
1308.982038
-549.211980
-285.291304
650.474326
-457.165542
79.288195
32.126282
219.631812
-493.684543
355.959811
264.861949
-940.011710
1072.583383
-424.239185
-625.553967
1330.276504
-1146.401219
162.642845
953.079266
-1438.664527
974.367210
120.588137
-1138.383900
1460.359107
-921.865513
-141.564833
1133.215707
-1531.074526
1135.492274
-141.136552
-963.069676
1616.878191
-1457.901947
526.638312
713.262488
-1593.742745
1613.664044
-750.063336
-502.297971
1415.796774
-1472.988067
683.077600
435.816835
-1193.575580
1159.312762
-410.359444
-545.184466
1102.193901
-928.089157
147.161007
752.461505
-1216.238054
946.747253
-74.640684
-911.637877
1437.430642
-1168.802028
215.072215
913.403288
-1581.786573
1394.143636
-433.683459
-770.229506
1540.719292
-1446.839869
556.581463
604.997052
-1368.171163
1312.493657
-506.090501
-548.316690
1220.904890
-1127.566004
348.164424
632.000037
-1215.852848
1047.997105
-222.849866
-770.966129
1336.593217
-1120.167212
223.889859
845.036489
-1464.281475
1259.700731
-329.923777
-802.853688
1491.735063
-1340.998133
438.037732
696.533591
-1412.297300
1307.458135
-459.784366
-624.344801
1310.379139
-1207.183760
391.931781
641.208388
-1275.572803
1135.483775
-306.034375
-718.344441
1325.577531
-1147.052021
276.761302
780.506039
-1402.992468
1216.899016
-318.580731
-777.599381
1437.097619
-1275.375621
383.538148
723.520763
-1406.765983
1275.180996
-412.549890
-673.546139
1349.872830
-1227.598625
387.653567
669.664755
-1320.117892
1182.176713
-340.109703
-706.678704
1337.854028
-1177.247366
314.774603
745.117508
-1378.687907
1209.129607
-329.071005
-751.626770
1402.965136
-1243.249323
363.064345
726.744084
-1393.007929
1249.854664
-383.684959
-698.075434
1364.216721
-1228.769600
375.818408
691.160383
-1345.265662
1203.759414
-351.934329
-707.656078
1350.574205
-1197.217490
335.894127
728.554639
-1370.594888
1211.016258
-339.983964
-734.824108
1384.930678
-1229.009699
356.538836
724.010543
-1382.304869
1234.727474
-368.626346
-709.041452
1368.536148
-1225.775503
366.678435
703.809391
-1357.944707
1213.019509
-355.326621
-710.833181
1359.083653
-1208.357794
346.429703
721.406528
-1368.467734
1214.123043
-347.214357
-725.553322
1376.150422
-1223.059177
354.930567
721.026234
-1375.792773
1226.693425
-361.361120
-713.641798
1369.444520
-1223.003738
361.171761
710.469698
-1363.953165
1216.804572
-355.964412
-713.368466
1363.931821
-1214.058890
351.383236
718.477758
-1368.199638
1216.407425
-351.295672
-720.842015
1372.077752
-1220.672871
354.788832
718.996421
-1372.257876
1222.699414
-358.014305
-715.488880
1369.403797
-1221.211692
358.208132
713.761465
-1366.692289
1218.297030
-355.876711
-714.930681
1366.467392
-1216.828001
353.627799
717.322662
-1368.367466
1217.766410
-353.413605
-718.565052
1370.247348
-1219.746293
354.962957
717.827612
-1370.462880
1220.795982
-356.518153
-716.205655
1369.202814
-1220.206343
356.713806
715.323450
-1367.908876
1218.868337
-355.688161
-715.786160
1367.723856
-1218.129345
354.632610
716.857022
-1368.559905
1218.623951
-354.757715
-717.334638
1370.214451
-1221.580739
356.994089
720.208095
-1380.347820
1231.253036
-348.870399
-754.789420
1416.561799
-1215.598026
254.905274
863.673265
-1408.384162
1023.863382
-5.996505
-909.292279
1114.695975
-588.800332
-158.692909
581.397782
-538.598950
281.212931
-82.471188
-30.868924
178.616317
-362.377792
410.826672
-198.275072
-164.091319
415.828518
-399.494150
175.798427
90.686323
-281.713260
338.730931
-214.444874
-79.513622
373.321967
-396.580705
36.961862
462.636169
-648.449940
266.502383
457.437231
-963.832981
810.056922
-28.324277
-888.464293
1324.657300
-945.646525
-76.996560
1139.805402
-1559.870489
1025.818164
150.982240
-1211.980917
1477.342175
-834.228167
-206.406047
928.136644
-947.883068
439.375896
100.630091
-299.675553
181.268167
-57.581022
173.837308
-440.726605
508.020631
-124.816984
-547.476981
994.849073
-781.187650
-22.534050
830.931727
-1015.009318
449.971507
364.346419
-738.562655
400.339356
274.050086
-609.439430
246.341095
524.825012
-1000.218427
665.439812
344.219774
-1309.475475
1470.813602
-622.078359
-709.648365
1636.847471
-1551.143816
546.337279
682.220515
-1363.222340
1185.235588
-444.445728
-269.364846
557.449032
-464.750619
321.535079
-357.563645
462.481936
-318.616003
-223.694461
900.991431
-1190.946292
762.648503
182.149135
-1015.680110
1179.289362
-638.290976
-114.965599
513.699178
-405.641148
126.261929
-102.986870
389.909712
-600.131256
312.638322
443.983002
-1123.882943
1117.307518
-322.872885
-702.392797
1183.629170
-784.093398
-107.184170
716.557309
-556.262339
-163.860371
735.488588
-576.256992
-263.779429
1134.694856
-1310.392649
559.605039
682.041993
-1634.446175
1706.529811
-849.791562
-464.140197
1553.051066
-1886.850881
1318.278468
-123.620190
-1124.706009
1811.266902
-1582.766019
565.440535
666.357095
-1414.971682
1303.299482
-522.780853
-325.048687
692.667556
-489.999294
93.579572
39.815150
193.376671
-457.585571
320.746168
289.849130
-949.059655
1064.433709
-401.884431
-655.741716
1360.026308
-1167.615898
169.692757
961.616458
-1459.599976
1001.087242
95.847603
-1122.151587
1456.295119
-930.196333
-123.739877
1111.060893
-1510.718362
1122.337431
-138.159770
-956.163774
1602.883003
-1440.091070
507.397917
731.174623
-1604.020267
1605.983746
-717.354700
-550.768605
1448.248387
-1451.152595
599.581646
527.603326
-1198.309734
1018.030479
-186.588044
-663.103863
931.164195
-481.462814
-283.971256
760.174546
-617.258181
37.974755
472.336575
-531.611987
192.179090
152.182227
-166.653053
-97.605910
264.884462
-31.831998
-484.211354
801.963385
-516.449232
-278.900711
1003.270472
-1061.294398
370.359964
539.012309
-959.810372
608.018011
142.870300
-599.653784
361.134340
332.160933
-810.019837
555.997152
338.712245
-1226.204458
1402.243045
-644.127160
-624.869441
1635.856503
-1783.343315
980.204467
336.612204
-1486.812997
1906.546171
-1404.127755
231.001979
1035.233608
-1758.118269
1568.876315
-591.314734
-600.480208
1320.806715
-1213.918328
481.219056
296.916764
-619.014222
429.437571
-88.832424
-11.417182
-173.270490
327.278648
-133.128879
-357.032007
720.400901
-559.861239
-77.525341
684.071998
-729.449285
159.220755
524.692794
-703.487035
210.361558
500.557463
-756.977804
286.356892
515.173100
-918.093218
509.447199
418.501658
-1090.240407
896.581584
79.305149
-1102.985168
1363.888364
-615.853359
-626.550038
1479.373440
-1350.062678
356.970837
794.476156
-1354.534409
1058.613427
-249.991665
-459.220887
681.494617
-495.440357
266.097134
-243.189283
320.886579
-180.951617
-324.762807
934.195893
-1139.893154
640.376800
333.023737
-1141.718009
1241.466908
-626.155538
-186.819612
618.765507
-516.108881
216.659669
-151.351408
381.972723
-536.101768
210.909450
551.170179
-1202.275195
1144.035431
-294.248640
-772.203173
1270.830818
-864.538924
-52.359515
699.185018
-580.295791
-104.165002
656.543965
-501.843450
-310.669465
1140.905873
-1277.131168
500.204552
748.685842
-1690.398601
1738.701780
-851.504384
-492.447701
1603.546181
-1945.429510
1368.042477
-150.175324
-1128.272636
1842.167641
-1630.124253
614.710782
628.509831
-1397.357762
1308.982039
-549.211980
-285.291305
650.474327
-457.165544
79.288197
32.126281
219.631812
-493.684542
355.959809
264.861951
-940.011711
1072.583383
-424.239185
-625.553968
1330.276506
-1146.401220
162.642846
953.079265
-1438.664527
974.367211
120.588136
-1138.383899
1460.359106
-921.865513
-141.564833
1133.215706
-1531.074524
1135.492273
-141.136551
-963.069677
1616.878191
-1457.901946
526.638311
713.262490
-1593.742746
1613.664045
-750.063337
-502.297971
1415.796775
-1472.988068
683.077601
435.816834
-1193.575579
1159.312762
-410.359444
-545.184465
1102.193900
-928.089156
147.161006
752.461505
-1216.238054
946.747253
-74.640684
-911.637878
1437.430642
-1168.802027
215.072214
913.403289
-1581.786574
1394.143635
-433.683458
-770.229508
1540.719292
-1446.839869
556.581462
604.997053
-1368.171165
1312.493658
-506.090502
-548.316691
1220.904891
-1127.566006
348.164426
632.000035
-1215.852847
1047.997106
-222.849868
-770.966126
1336.593214
-1120.167211
223.889859
845.036487
-1464.281472
1259.700728
-329.923774
-802.853689
1491.735062
-1340.998131
438.037729
696.533594
-1412.297302
1307.458136
-459.784365
-624.344803
1310.379143
-1207.183763
391.931783
641.208388
-1275.572805
1135.483778
-306.034379
-718.344438
1325.577529
-1147.052020
276.761304
780.506035
-1402.992463
1216.899012
-318.580729
-777.599382
1437.097617
-1275.375618
383.538144
723.520767
-1406.765985
1275.180996
-412.549888
-673.546142
1349.872834
-1227.598629
387.653570
669.664753
-1320.117893
1182.176715
-340.109707
-706.678699
1337.854025
-1177.247365
314.774603
745.117505
-1378.687903
1209.129602
-329.071002
-751.626771
1402.965135
-1243.249320
363.064341
726.744088
-1393.007932
1249.854665
-383.684959
-698.075436
1364.216725
-1228.769603
375.818410
691.160382
-1345.265663
1203.759416
-351.934331
-707.656077
1350.574204
-1197.217490
335.894128
728.554638
-1370.594887
1211.016257
-339.983963
-734.824108
1384.930678
-1229.009698
356.538834
724.010545
-1382.304871
1234.727475
-368.626346
-709.041453
1368.536151
-1225.775505
366.678436
703.809391
-1357.944707
1213.019511
-355.326623
-710.833179
1359.083651
-1208.357793
346.429703
721.406527
-1368.467733
1214.123042
-347.214356
-725.553324
1376.150423
-1223.059177
354.930566
721.026236
-1375.792775
1226.693427
-361.361121
-713.641798
1369.444520
-1223.003739
361.171763
710.469696
-1363.953162
1216.804569
-355.964411
-713.368465
1363.931819
-1214.058886
351.383232
718.477761
-1368.199640
1216.407425
-351.295669
-720.842019
1372.077757
-1220.672875
354.788833
718.996422
-1372.257880
1222.699418
-358.014309
-715.488877
1369.403796
-1221.211693
358.208135
713.761463
-1366.692287
1218.297029
-355.876711
-714.930680
1366.467392
-1216.828001
353.627799
717.322663
-1368.367466
1217.766410
-353.413605
-718.565051
1370.247348
-1219.746293
354.962958
717.827611
-1370.462879
1220.795981
-356.518154
-716.205655
1369.202813
-1220.206342
356.713805
715.323450
-1367.908876
1218.868336
-355.688161
-715.786161
1367.723857
-1218.129345
354.632610
716.857023
-1368.559906
1218.623951
-354.757715
-717.334638
1370.214452
-1221.580740
356.994089
720.208095
-1380.347821
1231.253038
-348.870400
-754.789419
1416.561799
-1215.598028
254.905277
863.673262
-1408.384159
1023.863381
-5.996505
-909.292276
1114.695971
-588.800328
-158.692912
581.397783
-538.598949
281.212928
-82.471183
-30.868929
178.616321
-362.377793
410.826670
-198.275067
-164.091325
415.828523
-399.494153
175.798428
90.686326
-281.713265
338.730937
-214.444879
-79.513619
373.321967
-396.580709
36.961867
462.636163
-648.449935
266.502381
457.437230
-963.832978
810.056916
-28.324271
-888.464298
1324.657302
-945.646524
-76.996563
1139.805407
-1559.870494
1025.818167
150.982239
-1211.980919
1477.342178
-834.228171
-206.406044
928.136642
-947.883068
439.375897
100.630088
-299.675550
181.268165
-57.581022
173.837308
-440.726607
508.020633
-124.816986
-547.476979
994.849073
-781.187652
-22.534047
830.931724
-1015.009316
449.971506
364.346418
-738.562652
400.339352
274.050090
-609.439432
246.341096
524.825014
-1000.218431
665.439817
344.219770
-1309.475473
1470.813603
-622.078363
-709.648361
1636.847466
-1551.143813
546.337279
682.220513
-1363.222336
1185.235583
-444.445724
-269.364848
557.449032
-464.750616
321.535075
-357.563641
462.481932
-318.616001
-223.694460
900.991428
-1190.946288
762.648499
182.149138
-1015.680111
1179.289361
-638.290973
-114.965602
513.699182
-405.641151
126.261931
-102.986870
389.909709
-600.131252
312.638318
443.983005
-1123.882944
1117.307517
-322.872882
-702.392801
1183.629173
-784.093401
-107.184170
716.557311
-556.262342
-163.860367
735.488585
-576.256991
-263.779429
1134.694853
-1310.392646
559.605036
682.041995
-1634.446175
1706.529809
-849.791560
-464.140200
1553.051069
-1886.850882
1318.278468
-123.620188
-1124.706011
1811.266905
-1582.766022
565.440536
666.357095
-1414.971683
1303.299484
-522.780855
-325.048685
692.667555
-489.999293
93.579572
39.815150
193.376672
-457.585572
320.746170
289.849128
-949.059654
1064.433709
-401.884431
-655.741714
1360.026305
-1167.615895
169.692754
961.616459
-1459.599975
1001.087239
95.847607
-1122.151591
1456.295122
-930.196333
-123.739879
1111.060896
-1510.718366
1122.337434
-138.159772
-956.163774
1602.883005
-1440.091073
507.397921
731.174620
-1604.020265
1605.983746
-717.354701
-550.768603
1448.248385
-1451.152593
599.581644
527.603326
-1198.309734
1018.030478
-186.588043
-663.103865
931.164197
-481.462814
-283.971256
760.174548
-617.258183
37.974758
472.336573
-531.611987
192.179091
152.182225
-166.653050
-97.605913
264.884463
-31.831997
-484.211355
801.963388
-516.449236
-278.900708
1003.270471
-1061.294398
370.359967
539.012305
-959.810368
608.018008
142.870301
-599.653783
361.134337
332.160938
-810.019841
555.997155
338.712244
-1226.204460
1402.243049
-644.127164
-624.869436
1635.856501
-1783.343315
980.204470
336.612199
-1486.812992
1906.546166
-1404.127752
231.001979
1035.233606
-1758.118265
1568.876311
-591.314730
-600.480210
1320.806715
-1213.918326
481.219052
296.916768
-619.014227
429.437574
-88.832425
-11.417183
-173.270486
327.278643
-133.128874
-357.032011
720.400902
-559.861238
-77.525344
684.072004
-729.449291
159.220760
524.692792
-703.487036
210.361562
500.557458
-756.977798
286.356888
515.173102
-918.093217
509.447195
418.501664
-1090.240413
896.581588
79.305147
-1102.985169
1363.888368
-615.853365
-626.550033
1479.373437
-1350.062677
356.970838
794.476153
-1354.534405
1058.613423
-249.991662
-459.220888
681.494616
-495.440354
266.097130
-243.189279
320.886577
-180.951617
-324.762806
934.195891
-1139.893151
640.376797
333.023738
-1141.718009
1241.466907
-626.155536
-186.819614
618.765509
-516.108882
216.659669
-151.351406
381.972721
-536.101767
210.909449
551.170179
-1202.275194
1144.035430
-294.248639
-772.203174
1270.830818
-864.538924
-52.359516
699.185019
-580.295792
-104.165001
656.543964
-501.843449
-310.669465
1140.905872
-1277.131168
500.204551
748.685843
-1690.398602
1738.701781
-851.504384
-492.447701
1603.546182
-1945.429511
1368.042478
-150.175325
-1128.272636
1842.167641
-1630.124254
614.710783
628.509830
-1397.357761
1308.982039
-549.211980
-285.291304
650.474326
-457.165542
79.288196
32.126282
219.631811
-493.684543
355.959811
264.861949
-940.011709
1072.583382
-424.239185
-625.553967
1330.276504
-1146.401218
162.642844
953.079266
-1438.664527
974.367209
120.588138
-1138.383901
1460.359108
-921.865513
-141.564833
1133.215708
-1531.074527
1135.492275
-141.136553
-963.069675
1616.878191
-1457.901947
526.638313
713.262488
-1593.742744
1613.664043
-750.063336
-502.297971
1415.796773
-1472.988066
683.077599
435.816835
-1193.575580
1159.312762
-410.359444
-545.184466
1102.193901
-928.089157
147.161007
752.461505
-1216.238054
946.747254
-74.640684
-911.637877
1437.430643
-1168.802028
215.072215
913.403288
-1581.786574
1394.143636
-433.683460
-770.229506
1540.719291
-1446.839869
556.581463
604.997051
-1368.171162
1312.493655
-506.090500
-548.316691
1220.904890
-1127.566003
348.164422
632.000039
-1215.852850
1047.997107
-222.849867
-770.966130
1336.593219
-1120.167214
223.889861
845.036487
-1464.281474
1259.700732
-329.923778
-802.853687
1491.735061
-1340.998132
438.037732
696.533591
-1412.297299
1307.458135
-459.784366
-624.344801
1310.379139
-1207.183760
391.931781
641.208388
-1275.572803
1135.483775
-306.034376
-718.344441
1325.577531
-1147.052020
276.761303
780.506038
-1402.992466
1216.899015
-318.580730
-777.599382
1437.097618
-1275.375621
383.538147
723.520764
-1406.765984
1275.180997
-412.549890
-673.546138
1349.872831
-1227.598627
387.653569
669.664752
-1320.117890
1182.176712
-340.109704
-706.678701
1337.854024
-1177.247363
314.774600
745.117508
-1378.687905
1209.129603
-329.071001
-751.626773
1402.965137
-1243.249322
363.064342
726.744088
-1393.007933
1249.854667
-383.684961
-698.075434
1364.216724
-1228.769604
375.818412
691.160379
-1345.265660
1203.759413
-351.934330
-707.656077
1350.574203
-1197.217487
335.894124
728.554641
-1370.594889
1211.016258
-339.983962
-734.824112
1384.930682
-1229.009702
356.538838
724.010543
-1382.304872
1234.727478
-368.626350
-709.041448
1368.536146
-1225.775503
366.678437
703.809388
-1357.944703
1213.019505
-355.326618
-710.833182
1359.083652
-1208.357791
346.429699
721.406532
-1368.467738
1214.123045
-347.214357
-725.553325
1376.150426
-1223.059181
354.930571
721.026232
-1375.792773
1226.693427
-361.361123
-713.641794
1369.444516
-1223.003735
361.171760
710.469697
-1363.953162
1216.804567
-355.964407
-713.368469
1363.931821
-1214.058888
351.383232
718.477763
-1368.199643
1216.407428
-351.295672
-720.842018
1372.077757
-1220.672877
354.788837
718.996418
-1372.257877
1222.699417
-358.014310
-715.488874
1369.403792
-1221.211690
358.208133
713.761462
-1366.692284
1218.297025
-355.876706
-714.930684
1366.467393
-1216.827999
353.627795
717.322667
-1368.367470
1217.766413
-353.413605
-718.565054
1370.247352
-1219.746298
354.962961
717.827610
-1370.462880
1220.795984
-356.518158
-716.205651
1369.202811
-1220.206342
356.713807
715.323447
-1367.908873
1218.868334
-355.688160
-715.786160
1367.723854
-1218.129342
354.632608
716.857024
-1368.559906
1218.623950
-354.757713
-717.334640
1370.214453
-1221.580740
356.994089
720.208096
-1380.347822
1231.253039
-348.870401
-754.789418
1416.561798
-1215.598027
254.905276
863.673262
-1408.384158
1023.863380
-5.996504
-909.292278
1114.695972
-588.800328
-158.692914
581.397785
-538.598951
281.212929
-82.471184
-30.868930
178.616322
-362.377796
410.826672
-198.275069
-164.091324
415.828523
-399.494154
175.798430
90.686324
-281.713263
338.730936
-214.444879
-79.513618
373.321965
-396.580706
36.961864
462.636165
-648.449936
266.502381
457.437232
-963.832981
810.056919
-28.324273
-888.464297
1324.657302
-945.646526
-76.996561
1139.805405
-1559.870492
1025.818167
150.982238
-1211.980916
1477.342175
-834.228168
-206.406045
928.136641
-947.883066
439.375895
100.630091
-299.675551
181.268165
-57.581021
173.837306
-440.726605
508.020631
-124.816985
-547.476979
994.849072
-781.187650
-22.534050
830.931726
-1015.009317
449.971506
364.346419
-738.562654
400.339355
274.050087
-609.439431
246.341096
524.825012
-1000.218428
665.439813
344.219773
-1309.475475
1470.813603
-622.078361
-709.648364
1636.847470
-1551.143817
546.337281
682.220513
-1363.222338
1185.235587
-444.445728
-269.364845
557.449030
-464.750617
321.535077
-357.563644
462.481935
-318.616004
-223.694459
900.991429
-1190.946290
762.648501
182.149135
-1015.680109
1179.289360
-638.290974
-114.965601
513.699179
-405.641148
126.261929
-102.986869
389.909710
-600.131254
312.638321
443.983002
-1123.882942
1117.307517
-322.872884
-702.392799
1183.629171
-784.093399
-107.184171
716.557310
-556.262340
-163.860370
735.488587
-576.256992
-263.779429
1134.694855
-1310.392648
559.605039
682.041993
-1634.446174
1706.529810
-849.791562
-464.140198
1553.051066
-1886.850880
1318.278467
-123.620189
-1124.706009
1811.266902
-1582.766019
565.440534
666.357096
-1414.971682
1303.299482
-522.780852
-325.048688
692.667557
-489.999295
93.579572
39.815151
193.376670
-457.585569
320.746168
289.849130
-949.059654
1064.433708
-401.884429
-655.741716
1360.026307
-1167.615896
169.692755
961.616460
-1459.599976
1001.087241
95.847605
-1122.151589
1456.295121
-930.196334
-123.739878
1111.060895
-1510.718364
1122.337433
-138.159771
-956.163773
1602.883004
-1440.091071
507.397919
731.174621
-1604.020265
1605.983745
-717.354700
-550.768604
1448.248386
-1451.152593
599.581644
527.603328
-1198.309735
1018.030479
-186.588043
-663.103865
931.164198
-481.462815
-283.971255
760.174547
-617.258183
37.974758
472.336572
-531.611986
192.179090
152.182226
-166.653050
-97.605913
264.884464
-31.831999
-484.211354
801.963387
-516.449235
-278.900708
1003.270471
-1061.294398
370.359965
539.012307
-959.810370
608.018009
142.870301
-599.653784
361.134338
332.160936
-810.019839
555.997154
338.712244
-1226.204458
1402.243047
-644.127162
-624.869438
1635.856501
-1783.343315
980.204468
336.612202
-1486.812995
1906.546168
-1404.127753
231.001978
1035.233607
-1758.118267
1568.876313
-591.314731
-600.480210
1320.806716
-1213.918328
481.219055
296.916766
-619.014225
429.437573
-88.832426
-11.417181
-173.270489
327.278646
-133.128876
-357.032010
720.400903
-559.861240
-77.525342
684.072001
-729.449288
159.220759
524.692792
-703.487034
210.361560
500.557460
-756.977800
286.356889
515.173101
-918.093218
509.447197
418.501662
-1090.240411
896.581587
79.305147
-1102.985168
1363.888366
-615.853362
-626.550035
1479.373438
-1350.062677
356.970837
794.476154
-1354.534406
1058.613424
-249.991663
-459.220888
681.494617
-495.440355
266.097132
-243.189280
320.886577
-180.951616
-324.762806
934.195892
-1139.893151
640.376797
333.023739
-1141.718010
1241.466908
-626.155537
-186.819614
618.765509
-516.108882
216.659670
-151.351407
381.972721
-536.101766
210.909448
551.170180
-1202.275195
1144.035430
-294.248639
-772.203175
1270.830819
-864.538924
-52.359516
699.185020
-580.295793
-104.165000
656.543963
-501.843450
-310.669465
1140.905871
-1277.131166
500.204551
748.685843
-1690.398601
1738.701779
-851.504382
-492.447703
1603.546182
-1945.429511
1368.042476
-150.175322
-1128.272638
1842.167643
-1630.124255
614.710782
628.509832
-1397.357763
1308.982041
-549.211982
-285.291303
650.474326
-457.165544
79.288198
32.126279
219.631814
-493.684544
355.959811
264.861951
-940.011712
1072.583386
-424.239188
-625.553966
1330.276505
-1146.401221
162.642848
953.079263
-1438.664525
974.367209
120.588136
-1138.383898
1460.359104
-921.865511
-141.564835
1133.215707
-1531.074525
1135.492272
-141.136550
-963.069678
1616.878192
-1457.901947
526.638311
713.262490
-1593.742747
1613.664046
-750.063338
-502.297971
1415.796774
-1472.988068
683.077602
435.816833
-1193.575578
1159.312761
-410.359444
-545.184464
1102.193898
-928.089154
147.161004
752.461506
-1216.238054
946.747252
-74.640682
-911.637880
1437.430644
-1168.802029
215.072214
913.403290
-1581.786576
1394.143638
-433.683461
-770.229506
1540.719292
-1446.839871
556.581465
604.997050
-1368.171162
1312.493657
-506.090502
-548.316689
1220.904888
-1127.566002
348.164423
632.000037
-1215.852847
1047.997104
-222.849865
-770.966130
1336.593217
-1120.167212
223.889858
845.036489
-1464.281475
1259.700731
-329.923777
-802.853688
1491.735062
-1340.998133
438.037732
696.533591
-1412.297299
1307.458134
-459.784365
-624.344801
1310.379140
-1207.183759
391.931780
641.208389
-1275.572804
1135.483776
-306.034376
-718.344442
1325.577532
-1147.052022
276.761303
780.506038
-1402.992467
1216.899016
-318.580732
-777.599381
1437.097618
-1275.375621
383.538148
723.520763
-1406.765983
1275.180996
-412.549890
-673.546138
1349.872829
-1227.598626
387.653569
669.664752
-1320.117890
1182.176711
-340.109703
-706.678702
1337.854025
-1177.247363
314.774600
745.117508
-1378.687906
1209.129604
-329.071001
-751.626773
1402.965137
-1243.249322
363.064342
726.744088
-1393.007932
1249.854666
-383.684960
-698.075435
1364.216724
-1228.769603
375.818410
691.160381
-1345.265662
1203.759414
-351.934331
-707.656077
1350.574204
-1197.217489
335.894126
728.554640
-1370.594888
1211.016257
-339.983961
-734.824111
1384.930681
-1229.009700
356.538835
724.010546
-1382.304873
1234.727477
-368.626348
-709.041451
1368.536150
-1225.775506
366.678438
703.809388
-1357.944704
1213.019508
-355.326622
-710.833179
1359.083650
-1208.357791
346.429701
721.406529
-1368.467734
1214.123042
-347.214356
-725.553324
1376.150423
-1223.059177
354.930566
721.026235
-1375.792773
1226.693425
-361.361119
-713.641799
1369.444519
-1223.003737
361.171759
710.469700
-1363.953165
1216.804570
-355.964409
-713.368469
1363.931823
-1214.058891
351.383235
718.477761
-1368.199643
1216.407430
-351.295674
-720.842015
1372.077755
-1220.672876
354.788837
718.996416
-1372.257874
1222.699414
-358.014308
-715.488875
1369.403791
-1221.211687
358.208129
713.761466
-1366.692287
1218.297026
-355.876706
-714.930685
1366.467396
-1216.828003
353.627798
717.322665
-1368.367470
1217.766414
-353.413608
-718.565051
1370.247348
-1219.746295
354.962960
717.827609
-1370.462878
1220.795981
-356.518154
-716.205654
1369.202812
-1220.206341
356.713805