-1414.213562
1084.911124
0.000000
-1237.572924
1834.272925
-1340.218129
0.000000
1365.591328
-1899.537017
1295.459368
0.000000
-1123.101061
1414.213562
-821.216561
0.000000
416.549058
-285.779017
-12.228588
0.000000
414.752477
-835.114973
741.576450
0.000000
-950.142005
1414.213562
-969.137764
-0.000000
794.382133
-927.910590
489.295722
0.000000
-90.489275
-183.484780
355.412720
0.000000
-796.927566
1414.213562
-1168.080423
0.000000
1428.411401
-2140.865267
1566.117704
-0.000000
-1566.672818
2142.280632
-1429.648282
-0.000000
1168.857206
-1414.213562
781.985862
0.000000
-312.962557
108.114878
151.638895
0.000000
-554.717898
1014.194476
-846.399831
0.000000
990.149488
-1414.213562
901.885372
-0.000000
-599.505777
577.776372
-201.387591
-0.000000
-227.619725
611.212439
-618.979936
-0.000000
909.216698
-1414.213562
968.653242
0.000000
-785.712390
906.803873
-467.891258
-0.000000
59.429471
229.250195
-385.691295
-0.000000
811.105695
-1414.213562
1093.994437
-0.000000
-1211.795922
1750.212578
-1243.847201
-0.000000
1208.818662
-1660.289789
1132.300646
0.000000
-1042.110892
1414.213562
-1019.837862
-0.000000
1070.376325
-1551.483821
1121.436907
0.000000
-1152.192890
1630.492626
-1140.304065
0.000000
1065.651387
-1414.213562
871.026761
-0.000000
-561.093492
545.948347
-202.246526
-0.000000
-176.014392
512.512281
-541.619334
0.000000
863.695435
-1414.213562
1087.147633
0.000000
-1200.991506
1737.883229
-1239.019530
-0.000000
1213.646332
-1672.619138
1143.105062
-0.000000
-1048.957696
1414.213562
-960.693580
-0.000000
896.211009
-1236.201034
860.316024
-0.000000
-859.760910
1234.785669
-894.974128
-0.000000
959.916796
-1414.213562
1063.899400
0.000000
-1185.555226
1747.989040
-1274.795952
-0.000000
1304.441707
-1824.167115
1253.009205
-0.000000
-1108.159357
1414.213562
-821.993345
0.000000
417.785939
-287.194381
-11.673474
-0.000000
415.307591
-836.530338
742.813331
0.000000
-950.918789
1414.213562
-947.641518
-0.000000
733.694692
-820.519987
402.469081
0.000000
1.720150
-304.620097
428.141458
0.000000
-826.047399
1414.213562
-1086.663111
0.000000
1192.321764
-1716.776512
1217.615067
0.000000
-1182.586528
1626.853723
-1112.826488
-0.000000
1034.779566
-1414.213562
1034.779566
0.000000
-1112.826488
1626.853723
-1182.586528
0.000000
1217.615067
-1716.776512
1192.321764
0.000000
-1086.663111
1414.213562
-829.324670
-0.000000
437.260097
-320.630448
14.558660
-0.000000
389.075457
-803.094272
723.339172
0.000000
-943.587463
1414.213562
-969.137764
-0.000000
794.382133
-927.910590
489.295722
0.000000
-90.489275
-183.484780
355.412720
-0.000000
-796.927566
1414.213562
-1168.080423
0.000000
1428.411401
-2140.865267
1566.117704
0.000000
-1566.672818
2142.280632
-1429.648282
-0.000000
1168.857206
-1414.213562
781.985862
-0.000000
-312.962557
108.114878
151.638895
-0.000000
-554.717898
1014.194476
-846.399831
-0.000000
990.149488
-1414.213562
901.885372
-0.000000
-599.505777
577.776372
-201.387591
0.000000
-227.619725
611.212439
-618.979936
-0.000000
909.216698
-1414.213562
970.291878
0.000000
-790.271710
914.809048
-474.310513
0.000000
66.126283
220.537337
-380.513535
0.000000
809.078668
-1414.213562
1101.465289
0.000000
-1233.021004
1787.897529
-1274.422011
0.000000
1241.529750
-1703.431732
1158.309495
0.000000
-1052.616754
1414.213562
-997.348181
-0.000000
1003.900308
-1430.819696
1021.173719
0.000000
-1038.965546
1476.488773
-1044.266386
-0.000000
1023.678346
-1414.213562
937.502547
-0.000000
-785.623260
988.619617
-607.683241
-0.000000
418.275225
-458.681621
233.648407
-0.000000
-69.753057
0.000000
41.973041
0.000000
-96.037679
154.003853
-113.227344
-0.000000
100.263188
-120.664125
66.476017
0.000000
-22.489681
0.000000
10.505862
0.000000
-26.008849
43.141943
-32.711088
0.000000
30.574810
-37.684951
21.225082
0.000000
-7.470852
0.000000
2.027027
-0.000000
-5.177760
8.712858
-6.696812
-0.000000
6.419255
-8.005175
4.559319
0.000000
-1.638635
-0.000000
0.000000
-0.000000
-0.000000
0.000000
-0.000000
-0.000000
0.000000
-0.000000
0.000000
-0.000000
-0.000000
0.000000
-0.000000
-0.000000
0.000000
-0.000000
0.000000
0.000000
-0.000000
0.000000
-0.000000
-0.000000
0.000000
-0.000000
0.000000
0.000000
-0.000000
0.000000
-0.000000
0.000000
0.000000
-0.000000
0.000000
0.000000
-0.000000
0.000000
-0.000000
-0.000000
0.000000
-0.000000
0.000000
-0.000000
-0.000000
0.000000
-0.000000
-0.000000
0.000000
-0.000000
0.000000
0.000000
-0.000000
0.000000
-0.000000
0.000000
0.000000
-0.000000
0.000000
0.000000
-0.000000
0.000000
-0.000000
-0.000000
0.000000
-0.000000
0.000000
-0.000000
-0.000000
0.000000
-0.000000
0.000000
0.000000
-0.000000
0.000000
0.000000
-0.000000
0.000000
-0.000000
-0.000000
0.000000
-0.000000
0.000000
0.000000
-0.000000
0.000000
-0.000000
-0.000000
0.000000
-0.000000
0.000000
-0.000000
-0.000000
0.000000
-0.000000
-0.000000
0.000000
-0.000000
0.000000
0.000000
-0.000000
0.000000
-0.000000
0.000000
0.000000
-0.000000
0.000000
0.000000
-0.000000
0.000000
-0.000000
-0.000000
0.000000
-0.000000
0.000000
-0.000000
-0.000000
0.000000
-0.000000
-0.000000
0.000000
-0.000000
0.000000
-0.000000
-0.000000
0.000000
-0.000000
0.000000
0.000000
-0.000000
0.000000
0.000000
-0.000000
0.000000
-0.000000
-0.000000
0.000000
-0.000000
0.000000
0.000000
-0.000000
0.000000
-0.000000
-0.000000
0.000000
-0.000000
0.000000
-0.000000
-0.000000
0.000000
-0.000000
-0.000000
0.000000
-0.000000
0.000000
0.000000
-0.000000
0.000000
-0.000000
0.000000
0.000000
-0.000000
0.000000
0.000000
-0.000000
0.000000
-0.000000
-0.000000
0.000000
-0.000000
0.000000
-0.000000
-0.000000
0.000000
-0.000000
-0.000000
0.000000
-0.000000
0.000000
-0.000000
-0.000000
0.000000
-0.000000
0.000000
0.000000
-0.000000
0.000000
0.000000
-0.000000
0.000000
-0.000000
-0.000000
0.000000
-0.000000
0.000000
-0.000000
-0.000000
0.000000
-0.000000
-0.000000
0.000000
-0.000000
0.000000
0.000000
-0.000000
0.000000
-0.000000
-0.000000
0.000000
-0.000000
0.000000
0.000000
-0.000000
0.000000
-0.000000
0.000000
0.000000
-0.000000
0.000000
0.000000
-0.000000
0.000000
-0.000000
-0.000000
0.000000
-0.000000
0.000000
-0.000000
-0.000000
0.000000
-0.000000
-0.000000
0.000000
-0.000000
0.000000
-0.000000
-0.000000
0.000000
-0.000000
0.000000
0.000000
-0.000000
0.000000
0.000000
-0.000000
0.000000
-0.000000
-0.000000
0.000000
-0.000000
0.000000
-0.000000
-0.000000