0
79.3353
-96.5926
38.2683
50
-99.1445
70.7107
13.0526
-86.6025
92.388
-25.8819
-60.8761
100
-60.8761
-25.8819
92.388
-86.6025
13.0526
70.7107
-99.1445
50
38.2683
-96.5926
79.3353
-1.47081e-13
-79.3353
96.5926
-38.2683
-50
99.1445
-70.7107
-13.0526
86.6025
-92.388
25.8819
60.8761
-100
60.8761
25.8819
-92.388
86.6025
-13.0526
-70.7107
99.1445
-50
-38.2683
96.5926
-79.3353
2.94163e-13
79.3353
-96.5926
38.2683
50
-99.1445
70.7107
13.0526
-86.6025
92.388
-25.8819
-60.8761
100
-60.8761
-25.8819
92.388
-86.6025
13.0526
70.7107
-99.1445
50
38.2683
-96.5926
79.3353
9.79841e-13
-79.3353
96.5926
-38.2683
-50
99.1445
-70.7107
-13.0526
86.6025
-92.388
25.8819
60.8761
-100
60.8761
25.8819
-92.388
86.6025
-13.0526
-70.7107
99.1445
-50
-38.2683
96.5926
-79.3353
5.88326e-13
79.3353
-96.5926
38.2683
50
-99.1445
70.7107
13.0526
-86.6025
92.388
-25.8819
-60.8761
100
-60.8761
-25.8819
92.388
-86.6025
13.0526
70.7107
-99.1445
50
38.2683
-96.5926
79.3353
6.85678e-13
-79.3353
96.5926
-38.2683
-50
99.1445
-70.7107
-13.0526
86.6025
-92.388
25.8819
60.8761
-100
60.8761
25.8819
-92.388
86.6025
-13.0526
-70.7107
99.1445
-50
-38.2683
96.5926
-79.3353
-1.95968e-12
79.3353
-96.5926
38.2683
50
-99.1445
70.7107
13.0526
-86.6025
92.388
-25.8819
-60.8761
100
-60.8761
-25.8819
92.388
-86.6025
13.0526
70.7107
-99.1445
50
38.2683
-96.5926
79.3353
3.23369e-12
-79.3353
96.5926
-38.2683
-50
99.1445
-70.7107
-13.0526
86.6025
-92.388
25.8819
60.8761
-100
60.8761
25.8819
-92.388
86.6025
-13.0526
-70.7107
99.1445
-50
-38.2683
96.5926
-79.3353
1.17665e-12
79.3353
-96.5926
38.2683
50
-99.1445
70.7107
13.0526
-86.6025
92.388
-25.8819
-60.8761
100
-60.8761
-25.8819
92.388
-86.6025
13.0526
70.7107
-99.1445
50
38.2683
-96.5926
79.3353
5.78169e-12
-79.3353
96.5926
-38.2683
-50
99.1445
-70.7107
-13.0526
86.6025
-92.388
25.8819
60.8761
-100
60.8761
25.8819
-92.388
86.6025
-13.0526
-70.7107
99.1445
-50
-38.2683
96.5926
-79.3353
-1.37136e-12
79.3353
-96.5926
38.2683
50
-99.1445
70.7107
13.0526
-86.6025
92.388
-25.8819
-60.8761
100
-60.8761
-25.8819
92.388
-86.6025
13.0526
70.7107
-99.1445
50
38.2683
-96.5926
79.3353
8.3297e-12
-79.3353
96.5926
-38.2683
-50
99.1445
-70.7107
-13.0526
86.6025
-92.388
25.8819
60.8761
-100
60.8761
25.8819
-92.388
86.6025
-13.0526
-70.7107
99.1445
-50
-38.2683
96.5926
-79.3353
-3.91936e-12
79.3353
-96.5926
38.2683
50
-99.1445
70.7107
13.0526
-86.6025
92.388
-25.8819
-60.8761
100
-60.8761
-25.8819
92.388
-86.6025
13.0526
70.7107
-99.1445
50
38.2683
-96.5926
79.3353
1.08777e-11
-79.3353
96.5926
-38.2683
-50
99.1445
-70.7107
-13.0526
86.6025
-92.388
25.8819
60.8761
-100
60.8761
25.8819
-92.388
86.6025
-13.0526
-70.7107
99.1445
-50
-38.2683
96.5926
-79.3353
-6.46737e-12
79.3353
-96.5926
38.2683
50
-99.1445
70.7107
13.0526
-86.6025
92.388
-25.8819
-60.8761
100
-60.8761
-25.8819
92.388
-86.6025
13.0526
70.7107
-99.1445
50
38.2683
-96.5926
79.3353
2.05704e-12
-79.3353
96.5926
-38.2683
-50
99.1445
-70.7107
-13.0526
86.6025
-92.388
25.8819
60.8761
-100
60.8761
25.8819
-92.388
86.6025
-13.0526
-70.7107
99.1445
-50
-38.2683
96.5926
-79.3353
2.3533e-12
79.3353
-96.5926
38.2683
50
-99.1445
70.7107
13.0526
-86.6025
92.388
-25.8819
-60.8761
100
-60.8761
-25.8819
92.388
-86.6025
13.0526
70.7107
-99.1445
50
38.2683
-96.5926
79.3353
1.59737e-11
-79.3353
96.5926
-38.2683
-50
99.1445
-70.7107
-13.0526
86.6025
-92.388
25.8819
60.8761
-100
60.8761
25.8819
-92.388
86.6025
-13.0526
-70.7107
99.1445
-50
-38.2683
96.5926
-79.3353
-1.15634e-11
79.3353
-96.5926
38.2683
50
-99.1445
70.7107
13.0526
-86.6025
92.388
-25.8819
-60.8761
100
-60.8761
-25.8819
92.388
-86.6025
13.0526
70.7107
-99.1445
50
38.2683
-96.5926
79.3353
7.15305e-12
-79.3353
96.5926
-38.2683
-50
99.1445
-70.7107
-13.0526
86.6025
-92.388
25.8819
60.8761
-100
60.8761
25.8819
-92.388
86.6025
-13.0526
-70.7107
99.1445
-50
-38.2683
96.5926
-79.3353
-2.74271e-12
79.3353
-96.5926
38.2683
50
-99.1445
70.7107
13.0526
-86.6025
92.388
-25.8819
-60.8761
100
-60.8761
-25.8819
92.388
-86.6025
13.0526
70.7107
-99.1445
50
38.2683
-96.5926
79.3353
9.70106e-12
-79.3353
96.5926
-38.2683
-50
99.1445
-70.7107
-13.0526
86.6025
-92.388
25.8819
60.8761
-100
60.8761
25.8819
-92.388
86.6025
-13.0526
-70.7107
99.1445
-50
-38.2683
96.5926
-79.3353
-1.66594e-11
79.3353
-96.5926
38.2683
50
-99.1445
70.7107
13.0526
-86.6025
92.388
-25.8819
-60.8761
100
-60.8761
-25.8819
92.388
-86.6025
13.0526
70.7107
-99.1445
50
38.2683
-96.5926
79.3353
8.80384e-13
-79.3353
96.5926
-38.2683
-50
99.1445
-70.7107
-13.0526
86.6025
-92.388
25.8819
60.8761
-100
60.8761
25.8819
-92.388
86.6025
-13.0526
-70.7107
99.1445
-50
-38.2683
96.5926
-79.3353
-7.83873e-12
79.3353
-96.5926
38.2683
50
-99.1445
70.7107
13.0526
-86.6025
92.388
-25.8819
-60.8761
100
-60.8761
-25.8819
92.388
-86.6025
13.0526
70.7107
-99.1445
50
38.2683
-96.5926
79.3353
1.47971e-11
-79.3353
96.5926
-38.2683
-50
99.1445
-70.7107
-13.0526
86.6025
-92.388
25.8819
60.8761
-100
60.8761
25.8819
-92.388
86.6025
-13.0526
-70.7107
99.1445
-50
-38.2683
96.5926
-79.3353
-2.17554e-11
79.3353
-96.5926
38.2683
50
-99.1445
70.7107
13.0526
-86.6025
92.388
-25.8819
-60.8761
100
-60.8761
-25.8819
92.388
-86.6025
13.0526
70.7107
-99.1445
50
38.2683
-96.5926
79.3353
5.9764e-12
-79.3353
96.5926
-38.2683
-50
99.1445
-70.7107
-13.0526
86.6025
-92.388
25.8819
60.8761
-100
60.8761
25.8819
-92.388
86.6025
-13.0526
-70.7107
99.1445
-50
-38.2683
96.5926
-79.3353
-1.29347e-11
79.3353
-96.5926
38.2683
50
-99.1445
70.7107
13.0526
-86.6025
92.388
-25.8819
-60.8761
100
-60.8761
-25.8819
92.388
-86.6025
13.0526
70.7107
-99.1445
50
38.2683
-96.5926
79.3353
1.98931e-11
-79.3353
96.5926
-38.2683
-50
99.1445
-70.7107
-13.0526
86.6025
-92.388
25.8819
60.8761
-100
60.8761
25.8819
-92.388
86.6025
-13.0526
-70.7107
99.1445
-50
-38.2683
96.5926
-79.3353
-4.11407e-12
79.3353
-96.5926
38.2683
50
-99.1445
70.7107
13.0526
-86.6025
92.388
-25.8819
-60.8761
100
-60.8761
-25.8819
92.388
-86.6025
13.0526
70.7107
-99.1445
50
38.2683
-96.5926
79.3353
1.10724e-11
-79.3353
96.5926
-38.2683
-50
99.1445
-70.7107
-13.0526
86.6025
-92.388
25.8819
60.8761
-100
60.8761
25.8819
-92.388
86.6025
-13.0526
-70.7107
99.1445
-50
-38.2683
96.5926
-79.3353
4.70661e-12
79.3353
-96.5926
38.2683
50
-99.1445
70.7107
13.0526
-86.6025
92.388
-25.8819
-60.8761
100
-60.8761
-25.8819
92.388
-86.6025
13.0526
70.7107
-99.1445
50
38.2683
-96.5926
79.3353
2.25174e-12
-79.3353
96.5926
-38.2683
-50
99.1445
-70.7107
-13.0526
86.6025
-92.388
25.8819
60.8761
-100
60.8761
25.8819
-92.388
86.6025
-13.0526
-70.7107
99.1445
-50
-38.2683
96.5926
-79.3353
-3.19475e-11
79.3353
-96.5926
38.2683
50
-99.1445
70.7107
13.0526
-86.6025
92.388
-25.8819
-60.8761
100
-60.8761
-25.8819
92.388
-86.6025
13.0526
70.7107
-99.1445
50
38.2683
-96.5926
79.3353
1.61684e-11
-79.3353
96.5926
-38.2683
-50
99.1445
-70.7107
-13.0526
86.6025
-92.388
25.8819
60.8761
-100
60.8761
25.8819
-92.388
86.6025
-13.0526
-70.7107
99.1445
-50
-38.2683
96.5926
-79.3353
-2.31268e-11
79.3353
-96.5926
38.2683
50
-99.1445
70.7107
13.0526
-86.6025
92.388
-25.8819
-60.8761
100
-60.8761
-25.8819
92.388
-86.6025
13.0526
70.7107
-99.1445
50
38.2683
-96.5926
79.3353
7.34776e-12
-79.3353
96.5926
-38.2683
-50
99.1445
-70.7107
-13.0526
86.6025
-92.388
25.8819
60.8761
-100
60.8761
25.8819
-92.388
86.6025
-13.0526
-70.7107
99.1445
-50
-38.2683
96.5926
-79.3353
-1.43061e-11
79.3353
-96.5926
38.2683
50
-99.1445
70.7107
13.0526
-86.6025
92.388
-25.8819
-60.8761
100
-60.8761
-25.8819
92.388
-86.6025
13.0526
70.7107
-99.1445
50
38.2683
-96.5926
79.3353
2.12644e-11
-79.3353
96.5926
-38.2683
-50
99.1445
-70.7107
-13.0526
86.6025
-92.388
25.8819
60.8761
-100
60.8761
25.8819
-92.388
86.6025
-13.0526
-70.7107
99.1445
-50
-38.2683
96.5926
-79.3353
-5.48543e-12
79.3353
-96.5926
38.2683
50
-99.1445
70.7107
13.0526
-86.6025
92.388
-25.8819
-60.8761
100
-60.8761
-25.8819
92.388
-86.6025
13.0526
70.7107
-99.1445
50
38.2683
-96.5926
79.3353
-1.02936e-11
-79.3353
96.5926
-38.2683
-50
99.1445
-70.7107
-13.0526
86.6025
-92.388
25.8819
60.8761
-100
60.8761
25.8819
-92.388
86.6025
-13.0526
-70.7107
99.1445
-50
-38.2683
96.5926
-79.3353
-1.94021e-11
79.3353
-96.5926
38.2683
50
-99.1445
70.7107
13.0526
-86.6025
92.388
-25.8819
-60.8761
100
-60.8761
-25.8819
92.388
-86.6025
13.0526
70.7107
-99.1445
50
38.2683
-96.5926
79.3353
4.90978e-11
-79.3353
96.5926
-38.2683
-50
99.1445
-70.7107
-13.0526
86.6025
-92.388
25.8819
60.8761
-100
60.8761
25.8819
-92.388
86.6025
-13.0526
-70.7107
99.1445
-50
-38.2683
96.5926
-79.3353
-3.33188e-11
79.3353
-96.5926
38.2683
50
-99.1445
70.7107
13.0526
-86.6025
92.388
-25.8819
-60.8761
100
-60.8761
-25.8819
92.388
-86.6025
13.0526
70.7107
-99.1445
50
38.2683
-96.5926
79.3353
1.75398e-11
-79.3353
96.5926
-38.2683
-50
99.1445
-70.7107
-13.0526
86.6025
-92.388
25.8819
60.8761
-100
60.8761
25.8819
-92.388
86.6025
-13.0526
-70.7107
99.1445
-50
-38.2683
96.5926
-79.3353
-1.76077e-12
79.3353
-96.5926
38.2683
50
-99.1445
70.7107
13.0526
-86.6025
92.388
-25.8819
-60.8761
100
-60.8761
-25.8819
92.388
-86.6025
13.0526
70.7107
-99.1445
50
38.2683
-96.5926
79.3353
3.14565e-11
-79.3353
96.5926
-38.2683
-50
99.1445
-70.7107
-13.0526
86.6025
-92.388
25.8819
60.8761
-100
60.8761
25.8819
-92.388
86.6025
-13.0526
-70.7107
99.1445
-50
-38.2683
96.5926
-79.3353
-1.56775e-11
79.3353
-96.5926
38.2683
50
-99.1445
70.7107
13.0526
-86.6025
92.388
-25.8819
-60.8761
100
-60.8761
-25.8819
92.388
-86.6025
13.0526
70.7107
-99.1445
50
38.2683
-96.5926
79.3353
4.53732e-11
-79.3353
96.5926
-38.2683
-50
99.1445
-70.7107
-13.0526
86.6025
-92.388
25.8819
60.8761
-100
60.8761
25.8819
-92.388
86.6025
-13.0526
-70.7107
99.1445
-50
-38.2683
96.5926
-79.3353
-2.95942e-11
79.3353
-96.5926
38.2683
50
-99.1445
70.7107
13.0526
-86.6025
92.388
-25.8819
-60.8761
100
-60.8761
-25.8819
92.388
-86.6025
13.0526
70.7107
-99.1445
50
38.2683
-96.5926
79.3353
1.38151e-11
-79.3353
96.5926
-38.2683
-50
99.1445
-70.7107
-13.0526
86.6025
-92.388
25.8819
60.8761
-100
60.8761
25.8819
-92.388
86.6025
-13.0526
-70.7107
99.1445
-50
-38.2683
96.5926
-79.3353
-4.35108e-11
79.3353
-96.5926
38.2683
50
-99.1445
70.7107
13.0526
-86.6025
92.388
-25.8819
-60.8761
100
-60.8761
-25.8819
92.388
-86.6025
13.0526
70.7107
-99.1445
50
38.2683
-96.5926
79.3353
2.77318e-11
-79.3353
96.5926
-38.2683
-50
99.1445
-70.7107
-13.0526
86.6025
-92.388
25.8819
60.8761
-100
60.8761
25.8819
-92.388
86.6025
-13.0526
-70.7107
99.1445
-50
-38.2683
96.5926
-79.3353
-1.19528e-11
79.3353
-96.5926
38.2683
50
-99.1445
70.7107
13.0526
-86.6025
92.388
-25.8819
-60.8761
100
-60.8761
-25.8819
92.388
-86.6025
13.0526
70.7107
-99.1445
50
38.2683
-96.5926
79.3353
-3.82622e-12
-79.3353
96.5926
-38.2683
-50
99.1445
-70.7107
-13.0526
86.6025
-92.388
25.8819
60.8761
-100
60.8761
25.8819
-92.388
86.6025
-13.0526
-70.7107
99.1445
-50
-38.2683
96.5926
-79.3353
-2.58695e-11
79.3353
-96.5926
38.2683
50
-99.1445
70.7107
13.0526
-86.6025
92.388
-25.8819
-60.8761
100
-60.8761
-25.8819
92.388
-86.6025
13.0526
70.7107
-99.1445
50
38.2683
-96.5926
79.3353
5.55652e-11
-79.3353
96.5926
-38.2683
-50
99.1445
-70.7107
-13.0526
86.6025
-92.388
25.8819
60.8761
-100
60.8761
25.8819
-92.388
86.6025
-13.0526
-70.7107
99.1445
-50
-38.2683
96.5926
-79.3353
-3.97862e-11
79.3353
-96.5926
38.2683
50
-99.1445
70.7107
13.0526
-86.6025
92.388
-25.8819
-60.8761
100
-60.8761
-25.8819
92.388
-86.6025
13.0526
70.7107
-99.1445
50
38.2683
-96.5926
79.3353
2.40072e-11
-79.3353
96.5926
-38.2683
-50
99.1445
-70.7107
-13.0526
86.6025
-92.388
25.8819
60.8761
-100
60.8761
25.8819
-92.388
86.6025
-13.0526
-70.7107
99.1445
-50
-38.2683
96.5926
-79.3353
-8.22814e-12
79.3353
-96.5926
38.2683
50
-99.1445
70.7107
13.0526
-86.6025
92.388
-25.8819
-60.8761
100
-60.8761
-25.8819
92.388
-86.6025
13.0526
70.7107
-99.1445
50
38.2683
-96.5926
79.3353
3.79239e-11
-79.3353
96.5926
-38.2683
-50
99.1445
-70.7107
-13.0526
86.6025
-92.388
25.8819
60.8761
-100
60.8761
25.8819
-92.388
86.6025
-13.0526
-70.7107
99.1445
-50
-38.2683
96.5926
-79.3353
-2.21448e-11
79.3353
-96.5926
38.2683
50
-99.1445
70.7107
13.0526
-86.6025
92.388
-25.8819
-60.8761
100
-60.8761
-25.8819
92.388
-86.6025
13.0526
70.7107
-99.1445
50
38.2683
-96.5926
79.3353
6.36581e-12
-79.3353
96.5926
-38.2683
-50
99.1445
-70.7107
-13.0526
86.6025
-92.388
25.8819
60.8761
-100
60.8761
25.8819
-92.388
86.6025
-13.0526
-70.7107
99.1445
-50
-38.2683
96.5926
-79.3353
9.41321e-12
79.3353
-96.5926
38.2683
50
-99.1445
70.7107
13.0526
-86.6025
92.388
-25.8819
-60.8761
100
-60.8761
-25.8819
92.388
-86.6025
13.0526
70.7107
-99.1445
50
38.2683
-96.5926
79.3353
2.02825e-11
-79.3353
96.5926
-38.2683
-50
99.1445
-70.7107
-13.0526
86.6025
-92.388
25.8819
60.8761
-100
60.8761
25.8819
-92.388
86.6025
-13.0526
-70.7107
99.1445
-50
-38.2683
96.5926
-79.3353
-4.50348e-12
79.3353
-96.5926
38.2683
50
-99.1445
70.7107
13.0526
-86.6025
92.388
-25.8819
-60.8761
100
-60.8761
-25.8819
92.388
-86.6025
13.0526
70.7107
-99.1445
50
38.2683
-96.5926
79.3353
-1.12755e-11
-79.3353
96.5926
-38.2683
-50
99.1445
-70.7107
-13.0526
86.6025
-92.388
25.8819
60.8761
-100
60.8761
25.8819
-92.388
86.6025
-13.0526
-70.7107
99.1445
-50
-38.2683
96.5926
-79.3353
-6.38949e-11
79.3353
-96.5926
38.2683
50
-99.1445
70.7107
13.0526
-86.6025
92.388
-25.8819
-60.8761
100
-60.8761
-25.8819
92.388
-86.6025
13.0526
70.7107
-99.1445
50
38.2683
-96.5926
79.3353
4.81159e-11
-79.3353
96.5926
-38.2683
-50
99.1445
-70.7107
-13.0526
86.6025
-92.388
25.8819
60.8761
-100
60.8761
25.8819
-92.388
86.6025
-13.0526
-70.7107
99.1445
-50
-38.2683
96.5926
-79.3353
-3.23369e-11
79.3353
-96.5926
38.2683
50
-99.1445
70.7107
13.0526
-86.6025
92.388
-25.8819
-60.8761
100
-60.8761
-25.8819
92.388
-86.6025
13.0526
70.7107
-99.1445
50
38.2683
-96.5926
79.3353
6.20326e-11
-79.3353
96.5926
-38.2683
-50
99.1445
-70.7107
-13.0526
86.6025
-92.388
25.8819
60.8761
-100
60.8761
25.8819
-92.388
86.6025
-13.0526
-70.7107
99.1445
-50
-38.2683
96.5926
-79.3353
-4.62536e-11
79.3353
-96.5926
38.2683
50
-99.1445
70.7107
13.0526
-86.6025
92.388
-25.8819
-60.8761
100
-60.8761
-25.8819
92.388
-86.6025
13.0526
70.7107
-99.1445
50
38.2683
-96.5926
79.3353
3.04745e-11
-79.3353
96.5926
-38.2683
-50
99.1445
-70.7107
-13.0526
86.6025
-92.388
25.8819
60.8761
-100
60.8761
25.8819
-92.388
86.6025
-13.0526
-70.7107
99.1445
-50
-38.2683
96.5926
-79.3353
-1.46955e-11
79.3353
-96.5926
38.2683
50
-99.1445
70.7107
13.0526
-86.6025
92.388
-25.8819
-60.8761
100
-60.8761
-25.8819
92.388
-86.6025
13.0526
70.7107
-99.1445
50
38.2683
-96.5926
79.3353
4.43912e-11
-79.3353
96.5926
-38.2683
-50
99.1445
-70.7107
-13.0526
86.6025
-92.388
25.8819
60.8761
-100
60.8761
25.8819
-92.388
86.6025
-13.0526
-70.7107
99.1445
-50
-38.2683
96.5926
-79.3353
-2.86122e-11
79.3353
-96.5926
38.2683
50
-99.1445
70.7107
13.0526
-86.6025
92.388
-25.8819
-60.8761
100
-60.8761
-25.8819
92.388
-86.6025
13.0526
70.7107
-99.1445
50
38.2683
-96.5926
79.3353
5.83079e-11
-79.3353
96.5926
-38.2683
-50
99.1445
-70.7107
-13.0526
86.6025
-92.388
25.8819
60.8761
-100
60.8761
25.8819
-92.388
86.6025
-13.0526
-70.7107
99.1445
-50
-38.2683
96.5926
-79.3353
-4.25289e-11
79.3353
-96.5926
38.2683
50
-99.1445
70.7107
13.0526
-86.6025
92.388
-25.8819
-60.8761
100
-60.8761
-25.8819
92.388
-86.6025
13.0526
70.7107
-99.1445
50
38.2683
-96.5926
79.3353
2.67499e-11
-79.3353
96.5926
-38.2683
-50
99.1445
-70.7107
-13.0526
86.6025
-92.388
25.8819
60.8761
-100
60.8761
25.8819
-92.388
86.6025
-13.0526
-70.7107
99.1445
-50
-38.2683
96.5926
-79.3353
-1.09709e-11
79.3353
-96.5926
38.2683
50
-99.1445
70.7107
13.0526
-86.6025
92.388
-25.8819
-60.8761
100
-60.8761
-25.8819
92.388
-86.6025
13.0526
70.7107
-99.1445
50
38.2683
-96.5926
79.3353
-4.80817e-12
-79.3353
96.5926
-38.2683
-50
99.1445
-70.7107
-13.0526
86.6025
-92.388
25.8819
60.8761
-100
60.8761
25.8819
-92.388
86.6025
-13.0526
-70.7107
99.1445
-50
-38.2683
96.5926
-79.3353
2.05872e-11
79.3353
-96.5926
38.2683
50
-99.1445
70.7107
13.0526
-86.6025
92.388
-25.8819
-60.8761
100
-60.8761
-25.8819
92.388
-86.6025
13.0526
70.7107
-99.1445
50
38.2683
-96.5926
79.3353
5.45833e-11
-79.3353
96.5926
-38.2683
-50
99.1445
-70.7107
-13.0526
86.6025
-92.388
25.8819
60.8761
-100
60.8761
25.8819
-92.388
86.6025
-13.0526
-70.7107
99.1445
-50
-38.2683
96.5926
-79.3353
-3.88042e-11
79.3353
-96.5926
38.2683
50
-99.1445
70.7107
13.0526
-86.6025
92.388
-25.8819
-60.8761
100
-60.8761
-25.8819
92.388
-86.6025
13.0526
70.7107
-99.1445
50
38.2683
-96.5926
79.3353
2.30252e-11
-79.3353
96.5926
-38.2683
-50
99.1445
-70.7107
-13.0526
86.6025
-92.388
25.8819
60.8761
-100
60.8761
25.8819
-92.388
86.6025
-13.0526
-70.7107
99.1445
-50
-38.2683
96.5926
-79.3353
-9.81957e-11
79.3353
-96.5926
38.2683
50
-99.1445
70.7107
13.0526
-86.6025
92.388
-25.8819
-60.8761
100
-60.8761
-25.8819
92.388
-86.6025
13.0526
70.7107
-99.1445
50
38.2683
-96.5926
79.3353
8.24166e-11
-79.3353
96.5926
-38.2683
-50
99.1445
-70.7107
-13.0526
86.6025
-92.388
25.8819
60.8761
-100
60.8761
25.8819
-92.388
86.6025
-13.0526
-70.7107
99.1445
-50
-38.2683
96.5926
-79.3353
-6.66376e-11
79.3353
-96.5926
38.2683
50
-99.1445
70.7107
13.0526
-86.6025
92.388
-25.8819
-60.8761
100
-60.8761
-25.8819
92.388
-86.6025
13.0526
70.7107
-99.1445
50
38.2683
-96.5926
79.3353
5.08586e-11
-79.3353
96.5926
-38.2683
-50
99.1445
-70.7107
-13.0526
86.6025
-92.388
25.8819
60.8761
-100
60.8761
25.8819
-92.388
86.6025
-13.0526
-70.7107
99.1445
-50
-38.2683
96.5926
-79.3353
-3.50796e-11
79.3353
-96.5926
38.2683
50
-99.1445
70.7107
13.0526
-86.6025
92.388
-25.8819
-60.8761
100
-60.8761
-25.8819
92.388
-86.6025
13.0526
70.7107
-99.1445
50
38.2683
-96.5926
79.3353
1.93006e-11
-79.3353
96.5926
-38.2683
-50
99.1445
-70.7107
-13.0526
86.6025
-92.388
25.8819
60.8761
-100
60.8761
25.8819
-92.388
86.6025
-13.0526
-70.7107
99.1445
-50
-38.2683
96.5926
-79.3353
-3.52154e-12
79.3353
-96.5926
38.2683
50
-99.1445
70.7107
13.0526
-86.6025
92.388
-25.8819
-60.8761
100
-60.8761
-25.8819
92.388
-86.6025
13.0526
70.7107
-99.1445
50
38.2683
-96.5926
79.3353
-1.22575e-11
-79.3353
96.5926
-38.2683
-50
99.1445
-70.7107
-13.0526
86.6025
-92.388
25.8819
60.8761
-100
60.8761
25.8819
-92.388
86.6025
-13.0526
-70.7107
99.1445
-50
-38.2683
96.5926
-79.3353
-6.2913e-11
79.3353
-96.5926
38.2683
50
-99.1445
70.7107
13.0526
-86.6025
92.388
-25.8819
-60.8761
100
-60.8761
-25.8819
92.388
-86.6025
13.0526
70.7107
-99.1445
50
38.2683
-96.5926
79.3353
4.71339e-11
-79.3353
96.5926
-38.2683
-50
99.1445
-70.7107
-13.0526
86.6025
-92.388
25.8819
60.8761
-100
60.8761
25.8819
-92.388
86.6025
-13.0526
-70.7107
99.1445
-50
-38.2683
96.5926
-79.3353
-3.13549e-11
79.3353
-96.5926
38.2683
50
-99.1445
70.7107
13.0526
-86.6025
92.388
-25.8819
-60.8761
100
-60.8761
-25.8819
92.388
-86.6025
13.0526
70.7107
-99.1445
50
38.2683
-96.5926
79.3353
1.55759e-11
-79.3353
96.5926
-38.2683
-50
99.1445
-70.7107
-13.0526
86.6025
-92.388
25.8819
60.8761
-100
60.8761
25.8819
-92.388
86.6025
-13.0526
-70.7107
99.1445
-50
-38.2683
96.5926
-79.3353
-9.07463e-11
79.3353
-96.5926
38.2683
50
-99.1445
70.7107
13.0526
-86.6025
92.388
-25.8819
-60.8761
100
-60.8761
-25.8819
92.388
-86.6025
13.0526
70.7107
-99.1445
50
38.2683
-96.5926
79.3353
7.49673e-11
-79.3353
96.5926
-38.2683
-50
99.1445
-70.7107
-13.0526
86.6025
-92.388
25.8819
60.8761
-100
60.8761
25.8819
-92.388
86.6025
-13.0526
-70.7107
99.1445
-50
-38.2683
96.5926
-79.3353
-5.91883e-11
79.3353
-96.5926
38.2683
50
-99.1445
70.7107
13.0526
-86.6025
92.388
-25.8819
-60.8761
100
-60.8761
-25.8819
92.388
-86.6025
13.0526
70.7107
-99.1445
50
38.2683
-96.5926
79.3353
4.34093e-11
-79.3353
96.5926
-38.2683
-50
99.1445
-70.7107
-13.0526
86.6025
-92.388
25.8819
60.8761
-100
60.8761
25.8819
-92.388
86.6025
-13.0526
-70.7107
99.1445
-50
-38.2683
96.5926
-79.3353
-2.76303e-11
79.3353
-96.5926
38.2683
50
-99.1445
70.7107
13.0526
-86.6025
92.388
-25.8819
-60.8761
100
-60.8761
-25.8819
92.388
-86.6025
13.0526
70.7107
-99.1445
50
38.2683
-96.5926
79.3353
1.18512e-11
-79.3353
96.5926
-38.2683
-50
99.1445
-70.7107
-13.0526
86.6025
-92.388
25.8819
60.8761
-100
60.8761
25.8819
-92.388
86.6025
-13.0526
-70.7107
99.1445
-50
-38.2683
96.5926
-79.3353
-8.70217e-11
79.3353
-96.5926
38.2683
50
-99.1445
70.7107
13.0526
-86.6025
92.388
-25.8819
-60.8761
100
-60.8761
-25.8819
92.388
-86.6025
13.0526
70.7107
-99.1445
50
38.2683
-96.5926
79.3353
-1.10656e-10
-79.3353
96.5926
-38.2683
-50
99.1445
-70.7107
-13.0526
86.6025
-92.388
25.8819
60.8761
-100
60.8761
25.8819
-92.388
86.6025
-13.0526
-70.7107
99.1445
-50
-38.2683
96.5926
-79.3353
3.54858e-11
79.3353
-96.5926
38.2683
50
-99.1445
70.7107
13.0526
-86.6025
92.388
-25.8819
-60.8761
100
-60.8761
-25.8819
92.388
-86.6025
13.0526
70.7107
-99.1445
50
38.2683
-96.5926
79.3353
-5.12648e-11
-79.3353
96.5926
-38.2683
-50
99.1445
-70.7107
-13.0526
86.6025
-92.388
25.8819
60.8761
-100
60.8761
25.8819
-92.388
86.6025
-13.0526
-70.7107
99.1445
-50
-38.2683
96.5926
-79.3353
6.70439e-11
79.3353
-96.5926
38.2683
50
-99.1445
70.7107
13.0526
-86.6025
92.388
-25.8819
-60.8761
100
-60.8761
-25.8819
92.388
-86.6025
13.0526
70.7107
-99.1445
50
38.2683
-96.5926
79.3353
-8.28229e-11
-79.3353
96.5926
-38.2683
-50
99.1445
-70.7107
-13.0526
86.6025
-92.388
25.8819
60.8761
-100
60.8761
25.8819
-92.388
86.6025
-13.0526
-70.7107
99.1445
-50
-38.2683
96.5926
-79.3353
7.65244e-12
79.3353
-96.5926
38.2683
50
-99.1445
70.7107
13.0526
-86.6025
92.388
-25.8819
-60.8761
100
-60.8761
-25.8819
92.388
-86.6025
13.0526
70.7107
-99.1445
50
38.2683
-96.5926
79.3353
-2.34315e-11
-79.3353
96.5926
-38.2683
-50
99.1445
-70.7107
-13.0526
86.6025
-92.388
25.8819
60.8761
-100
60.8761
25.8819
-92.388
86.6025
-13.0526
-70.7107
99.1445
-50
-38.2683
96.5926
-79.3353
3.92105e-11
79.3353
-96.5926
38.2683
50
-99.1445
70.7107
13.0526
-86.6025
92.388
-25.8819
-60.8761
100
-60.8761
-25.8819
92.388
-86.6025
13.0526
70.7107
-99.1445
50
38.2683
-96.5926
79.3353
-5.49895e-11
-79.3353
96.5926
-38.2683
-50
99.1445
-70.7107
-13.0526
86.6025
-92.388
25.8819
60.8761
-100
60.8761
25.8819
-92.388
86.6025
-13.0526
-70.7107
99.1445
-50
-38.2683
96.5926
-79.3353
7.07685e-11
79.3353
-96.5926
38.2683
50
-99.1445
70.7107
13.0526
-86.6025
92.388
-25.8819
-60.8761
100
-60.8761
-25.8819
92.388
-86.6025
13.0526
70.7107
-99.1445
50
38.2683
-96.5926
79.3353
-8.65476e-11
-79.3353
96.5926
-38.2683
-50
99.1445
-70.7107
-13.0526
86.6025
-92.388
25.8819
60.8761
-100
60.8761
25.8819
-92.388
86.6025
-13.0526
-70.7107
99.1445
-50
-38.2683
96.5926
-79.3353
1.02327e-10
79.3353
-96.5926
38.2683
50
-99.1445
70.7107
13.0526
-86.6025
92.388
-25.8819
-60.8761
100
-60.8761
-25.8819
92.388
-86.6025
13.0526
70.7107
-99.1445
50
38.2683
-96.5926
79.3353
-1.18106e-10
-79.3353
96.5926
-38.2683
-50
99.1445
-70.7107
-13.0526
86.6025
-92.388
25.8819
60.8761
-100
60.8761
25.8819
-92.388
86.6025
-13.0526
-70.7107
99.1445
-50
-38.2683
96.5926
-79.3353
4.29351e-11
79.3353
-96.5926
38.2683
50
-99.1445
70.7107
13.0526
-86.6025
92.388
-25.8819
-60.8761
100
-60.8761
-25.8819
92.388
-86.6025
13.0526
70.7107
-99.1445
50
38.2683
-96.5926
79.3353
-5.87142e-11
-79.3353
96.5926
-38.2683
-50
99.1445
-70.7107
-13.0526
86.6025
-92.388
25.8819
60.8761
-100
60.8761
25.8819
-92.388
86.6025
-13.0526
-70.7107
99.1445
-50
-38.2683
96.5926
-79.3353
7.44932e-11
79.3353
-96.5926
38.2683
50
-99.1445
70.7107
13.0526
-86.6025
92.388
-25.8819
-60.8761
100
-60.8761
-25.8819
92.388
-86.6025
13.0526
70.7107
-99.1445
50
38.2683
-96.5926
79.3353
6.7726e-13
-79.3353
96.5926
-38.2683
-50
99.1445
-70.7107
-13.0526
86.6025
-92.388
25.8819
60.8761
-100
60.8761
25.8819
-92.388
86.6025
-13.0526
-70.7107
99.1445
-50
-38.2683
96.5926
-79.3353
1.51018e-11
79.3353
-96.5926
38.2683
50
-99.1445
70.7107
13.0526
-86.6025
92.388
-25.8819
-60.8761
100
-60.8761
-25.8819
92.388
-86.6025
13.0526
70.7107
-99.1445
50
38.2683
-96.5926
79.3353
-3.08808e-11
-79.3353
96.5926
-38.2683
-50
99.1445
-70.7107
-13.0526
86.6025
-92.388
25.8819
60.8761
-100
60.8761
25.8819
-92.388
86.6025
-13.0526
-70.7107
99.1445
-50
-38.2683
96.5926
-79.3353
4.66598e-11
79.3353
-96.5926
38.2683
50
-99.1445
70.7107
13.0526
-86.6025
92.388
-25.8819
-60.8761
100
-60.8761
-25.8819
92.388
-86.6025
13.0526
70.7107
-99.1445
50
38.2683
-96.5926
79.3353
2.85106e-11
-79.3353
96.5926
-38.2683
-50
99.1445
-70.7107
-13.0526
86.6025
-92.388
25.8819
60.8761
-100
60.8761
25.8819
-92.388
86.6025
-13.0526
-70.7107
99.1445
-50
-38.2683
96.5926
-79.3353
-1.27316e-11
79.3353
-96.5926
38.2683
50
-99.1445
70.7107
13.0526
-86.6025
92.388
-25.8819
-60.8761
100
-60.8761
-25.8819
92.388
-86.6025
13.0526
70.7107
-99.1445
50
38.2683
-96.5926
79.3353
-3.0474e-12
-79.3353
96.5926
-38.2683
-50
99.1445
-70.7107
-13.0526
86.6025
-92.388
25.8819
60.8761
-100
60.8761
25.8819
-92.388
86.6025
-13.0526
-70.7107
99.1445
-50
-38.2683
96.5926
-79.3353
1.88264e-11
79.3353
-96.5926
38.2683
50
-99.1445
70.7107
13.0526
-86.6025
92.388
-25.8819
-60.8761
100
-60.8761
-25.8819
92.388
-86.6025
13.0526
70.7107
-99.1445
50
38.2683
-96.5926
79.3353
-3.46054e-11
-79.3353
96.5926
-38.2683
-50
99.1445
-70.7107
-13.0526
86.6025
-92.388
25.8819
60.8761
-100
60.8761
25.8819
-92.388
86.6025
-13.0526
-70.7107
99.1445
-50
-38.2683
96.5926
-79.3353
-4.0565e-11
79.3353
-96.5926
38.2683
50
-99.1445
70.7107
13.0526
-86.6025
92.388
-25.8819
-60.8761
100
-60.8761
-25.8819
92.388
-86.6025
13.0526
70.7107
-99.1445
50
38.2683
-96.5926
79.3353
2.4786e-11
-79.3353
96.5926
-38.2683
-50
99.1445
-70.7107
-13.0526
86.6025
-92.388
25.8819
60.8761
-100
60.8761
25.8819
-92.388
86.6025
-13.0526
-70.7107
99.1445
-50
-38.2683
96.5926
-79.3353
-9.00696e-12
79.3353
-96.5926
38.2683
50
-99.1445
70.7107
13.0526
-86.6025
92.388
-25.8819
-60.8761
100
-60.8761
-25.8819
92.388
-86.6025
13.0526
70.7107
-99.1445
50
38.2683
-96.5926
79.3353
-6.77206e-12
-79.3353
96.5926
-38.2683
-50
99.1445
-70.7107
-13.0526
86.6025
-92.388
25.8819
60.8761
-100
60.8761
25.8819
-92.388
86.6025
-13.0526
-70.7107
99.1445
-50
-38.2683
96.5926
-79.3353
2.25511e-11
79.3353
-96.5926
38.2683
50
-99.1445
70.7107
13.0526
-86.6025
92.388
-25.8819
-60.8761
100
-60.8761
-25.8819
92.388
-86.6025
13.0526
70.7107
-99.1445
50
38.2683
-96.5926
79.3353
-3.83301e-11
-79.3353
96.5926
-38.2683
-50
99.1445
-70.7107
-13.0526
86.6025
-92.388
25.8819
60.8761
-100
60.8761
25.8819
-92.388
86.6025
-13.0526
-70.7107
99.1445
-50
-38.2683
96.5926
-79.3353
5.41091e-11
79.3353
-96.5926
38.2683
50
-99.1445
70.7107
13.0526
-86.6025
92.388
-25.8819
-60.8761
100
-60.8761
-25.8819
92.388
-86.6025
13.0526
70.7107
-99.1445
50
38.2683
-96.5926
79.3353
-6.98881e-11
-79.3353
96.5926
-38.2683
-50
99.1445
-70.7107
-13.0526
86.6025
-92.388
25.8819
60.8761
-100
60.8761
25.8819
-92.388
86.6025
-13.0526
-70.7107
99.1445
-50
-38.2683
96.5926
-79.3353
-5.2823e-12
79.3353
-96.5926
38.2683
50
-99.1445
70.7107
13.0526
-86.6025
92.388
-25.8819
-60.8761
100
-60.8761
-25.8819
92.388
-86.6025
13.0526
70.7107
-99.1445
50
38.2683
-96.5926
79.3353
-1.04967e-11
-79.3353
96.5926
-38.2683
-50
99.1445
-70.7107
-13.0526
86.6025
-92.388
25.8819
60.8761
-100
60.8761
25.8819
-92.388
86.6025
-13.0526
-70.7107
99.1445
-50
-38.2683
96.5926
-79.3353
2.62757e-11
79.3353
-96.5926
38.2683
50
-99.1445
70.7107
13.0526
-86.6025
92.388
-25.8819
-60.8761
100
-60.8761
-25.8819
92.388
-86.6025
13.0526
70.7107
-99.1445
50
38.2683
-96.5926
79.3353
-4.20548e-11
-79.3353
96.5926
-38.2683
-50
99.1445
-70.7107
-13.0526
86.6025
-92.388
25.8819
60.8761
-100
60.8761
25.8819
-92.388
86.6025
-13.0526
-70.7107
99.1445
-50
-38.2683
96.5926
-79.3353
5.78338e-11
79.3353
-96.5926
38.2683
50
-99.1445
70.7107
13.0526
-86.6025
92.388
-25.8819
-60.8761
100
-60.8761
-25.8819
92.388
-86.6025
13.0526
70.7107
-99.1445
50
38.2683
-96.5926
79.3353
-7.36128e-11
-79.3353
96.5926
-38.2683
-50
99.1445
-70.7107
-13.0526
86.6025
-92.388
25.8819
60.8761
-100
60.8761
25.8819
-92.388
86.6025
-13.0526
-70.7107
99.1445
-50
-38.2683
96.5926
-79.3353
8.93918e-11
79.3353
-96.5926
38.2683
50
-99.1445
70.7107
13.0526
-86.6025
92.388
-25.8819
-60.8761
100
-60.8761
-25.8819
92.388
-86.6025
13.0526
70.7107
-99.1445
50
38.2683
-96.5926
79.3353
-1.05171e-10
-79.3353
96.5926
-38.2683
-50
99.1445
-70.7107
-13.0526
86.6025
-92.388
25.8819
60.8761
-100
60.8761
25.8819
-92.388
86.6025
-13.0526
-70.7107
99.1445
-50
-38.2683
96.5926
-79.3353
3.00004e-11
79.3353
-96.5926
38.2683
50
-99.1445
70.7107
13.0526
-86.6025
92.388
-25.8819
-60.8761
100
-60.8761
-25.8819
92.388
-86.6025
13.0526
70.7107
-99.1445
50
38.2683
-96.5926
79.3353
-4.57794e-11
-79.3353
96.5926
-38.2683
-50
99.1445
-70.7107
-13.0526
86.6025
-92.388
25.8819
60.8761
-100
60.8761
25.8819
-92.388
86.6025
-13.0526
-70.7107
99.1445
-50
-38.2683
96.5926
-79.3353
6.15584e-11
79.3353
-96.5926
38.2683
50
-99.1445
70.7107
13.0526
-86.6025
92.388
-25.8819
-60.8761
100
-60.8761
-25.8819
92.388
-86.6025
13.0526
70.7107
-99.1445
50
38.2683
-96.5926
79.3353
-7.73375e-11
-79.3353
96.5926
-38.2683
-50
99.1445
-70.7107
-13.0526
86.6025
-92.388
25.8819
60.8761
-100
60.8761
25.8819
-92.388
86.6025
-13.0526
-70.7107
99.1445
-50
-38.2683
96.5926
-79.3353
9.31165e-11
79.3353
-96.5926
38.2683
50
-99.1445
70.7107
13.0526
-86.6025
92.388
-25.8819
-60.8761
100
-60.8761
-25.8819
92.388
-86.6025
13.0526
70.7107
-99.1445
50
38.2683
-96.5926
79.3353
-1.08896e-10
-79.3353
96.5926
-38.2683
-50
99.1445
-70.7107
-13.0526
86.6025
-92.388
25.8819
60.8761
-100
60.8761
25.8819
-92.388
86.6025
-13.0526
-70.7107
99.1445
-50
-38.2683
96.5926
-79.3353
1.24675e-10
79.3353
-96.5926
38.2683
50
-99.1445
70.7107
13.0526
-86.6025
92.388
-25.8819
-60.8761
100
-60.8761
-25.8819
92.388
-86.6025
13.0526
70.7107
-99.1445
50
38.2683
-96.5926
79.3353
-1.40454e-10
-79.3353
96.5926
-38.2683
-50
99.1445
-70.7107
-13.0526
86.6025
-92.388
25.8819
60.8761
-100
60.8761
25.8819
-92.388
86.6025
-13.0526
-70.7107
99.1445
-50
-38.2683
96.5926
-79.3353
6.52831e-11
79.3353
-96.5926
38.2683
50
-99.1445
70.7107
13.0526
-86.6025
92.388
-25.8819
-60.8761
100
-60.8761
-25.8819
92.388
-86.6025
13.0526
70.7107
-99.1445
50
38.2683
-96.5926
79.3353
-8.10621e-11
-79.3353
96.5926
-38.2683
-50
99.1445
-70.7107
-13.0526
86.6025
-92.388
25.8819
60.8761
-100
60.8761
25.8819
-92.388
86.6025
-13.0526
-70.7107
99.1445
-50
-38.2683
96.5926
-79.3353
9.68411e-11
79.3353
-96.5926
38.2683
50
-99.1445
70.7107
13.0526
-86.6025
92.388
-25.8819
-60.8761
100
-60.8761
-25.8819
92.388
-86.6025
13.0526
70.7107
-99.1445
50
38.2683
-96.5926
79.3353
-1.1262e-10
-79.3353
96.5926
-38.2683
-50
99.1445
-70.7107
-13.0526
86.6025
-92.388
25.8819
60.8761
-100
60.8761
25.8819
-92.388
86.6025
-13.0526
-70.7107
99.1445
-50
-38.2683
96.5926
-79.3353
1.28399e-10
79.3353
-96.5926
38.2683
50
-99.1445
70.7107
13.0526
-86.6025
92.388
-25.8819
-60.8761
100
-60.8761
-25.8819
92.388
-86.6025
13.0526
70.7107
-99.1445
50
38.2683
-96.5926
79.3353
-1.44178e-10
-79.3353
96.5926
-38.2683
-50
99.1445
-70.7107
-13.0526
86.6025
-92.388
25.8819
60.8761
-100
60.8761
25.8819
-92.388
86.6025
-13.0526
-70.7107
99.1445
-50
-38.2683
96.5926
-79.3353
1.59957e-10
79.3353
-96.5926
38.2683
50
-99.1445
70.7107
13.0526
-86.6025
92.388
-25.8819
-60.8761
100
-60.8761
-25.8819
92.388
-86.6025
13.0526
70.7107
-99.1445
50
38.2683
-96.5926
79.3353
-1.75736e-10
-79.3353
96.5926
-38.2683
-50
99.1445
-70.7107
-13.0526
86.6025
-92.388
25.8819
60.8761
-100
60.8761
25.8819
-92.388
86.6025
-13.0526
-70.7107
99.1445
-50
-38.2683
96.5926
-79.3353
9.61633e-12
79.3353
-96.5926
38.2683
50
-99.1445
70.7107
13.0526
-86.6025
92.388
-25.8819
-60.8761
100
-60.8761
-25.8819
92.388
-86.6025
13.0526
70.7107
-99.1445
50
38.2683
-96.5926
79.3353
-2.53954e-11
-79.3353
96.5926
-38.2683
-50
99.1445
-70.7107
-13.0526
86.6025
-92.388
25.8819
60.8761
-100
60.8761
25.8819
-92.388
86.6025
-13.0526
-70.7107
99.1445
-50
-38.2683
96.5926
-79.3353
4.11744e-11
79.3353
-96.5926
38.2683
50
-99.1445
70.7107
13.0526
-86.6025
92.388
-25.8819
-60.8761
100
-60.8761
-25.8819
92.388
-86.6025
13.0526
70.7107
-99.1445
50
38.2683
-96.5926
79.3353
-5.69534e-11
-79.3353
96.5926
-38.2683
-50
99.1445
-70.7107
-13.0526
86.6025
-92.388
25.8819
60.8761
-100
60.8761
25.8819
-92.388
86.6025
-13.0526
-70.7107
99.1445
-50
-38.2683
96.5926
-79.3353
7.27324e-11
79.3353
-96.5926
38.2683
50
-99.1445
70.7107
13.0526
-86.6025
92.388
-25.8819
-60.8761
100
-60.8761
-25.8819
92.388
-86.6025
13.0526
70.7107
-99.1445
50
38.2683
-96.5926
79.3353
-8.85114e-11
-79.3353
96.5926
-38.2683
-50
99.1445
-70.7107
-13.0526
86.6025
-92.388
25.8819
60.8761
-100
60.8761
25.8819
-92.388
86.6025
-13.0526
-70.7107
99.1445
-50
-38.2683
96.5926
-79.3353
1.0429e-10
79.3353
-96.5926
38.2683
50
-99.1445
70.7107
13.0526
-86.6025
92.388
-25.8819
-60.8761
100
-60.8761
-25.8819
92.388
-86.6025
13.0526
70.7107
-99.1445
50
38.2683
-96.5926
79.3353
6.18295e-11
-79.3353
96.5926
-38.2683
-50
99.1445
-70.7107
-13.0526
86.6025
-92.388
25.8819
60.8761
-100
60.8761
25.8819
-92.388
86.6025
-13.0526
-70.7107
99.1445
-50
-38.2683
96.5926
-79.3353
-4.60504e-11
79.3353
-96.5926
38.2683
50
-99.1445
70.7107
13.0526
-86.6025
92.388
-25.8819
-60.8761
100
-60.8761
-25.8819
92.388
-86.6025
13.0526
70.7107
-99.1445
50
38.2683
-96.5926
79.3353
3.02714e-11
-79.3353
96.5926
-38.2683
-50
99.1445
-70.7107
-13.0526
86.6025
-92.388
25.8819
60.8761
-100
60.8761
25.8819
-92.388
86.6025
-13.0526
-70.7107
99.1445
-50
-38.2683
96.5926
-79.3353
-1.44924e-11
79.3353
-96.5926
38.2683
50
-99.1445
70.7107
13.0526
-86.6025
92.388
-25.8819
-60.8761
100
-60.8761
-25.8819
92.388
-86.6025
13.0526
70.7107
-99.1445
50
38.2683
-96.5926
79.3353
-1.28663e-12
-79.3353
96.5926
-38.2683
-50
99.1445
-70.7107
-13.0526
86.6025
-92.388
25.8819
60.8761
-100
60.8761
25.8819
-92.388
86.6025
-13.0526
-70.7107
99.1445
-50
-38.2683
96.5926
-79.3353
1.70657e-11
79.3353
-96.5926
38.2683
50
-99.1445
70.7107
13.0526
-86.6025
92.388
-25.8819
-60.8761
100
-60.8761
-25.8819
92.388
-86.6025
13.0526
70.7107
-99.1445
50
38.2683
-96.5926
79.3353
-3.28447e-11
-79.3353
96.5926
-38.2683
-50
99.1445
-70.7107
-13.0526
86.6025
-92.388
25.8819
60.8761
-100
60.8761
25.8819
-92.388
86.6025
-13.0526
-70.7107
99.1445
-50
-38.2683
96.5926
-79.3353
4.86237e-11
79.3353
-96.5926
38.2683
50
-99.1445
70.7107
13.0526
-86.6025
92.388
-25.8819
-60.8761
100
-60.8761
-25.8819
92.388
-86.6025
13.0526
70.7107
-99.1445
50
38.2683
-96.5926
79.3353
-6.44027e-11
-79.3353
96.5926
-38.2683
-50
99.1445
-70.7107
-13.0526
86.6025
-92.388
25.8819
60.8761
-100
60.8761
25.8819
-92.388
86.6025
-13.0526
-70.7107
99.1445
-50
-38.2683
96.5926
-79.3353
8.01817e-11
79.3353
-96.5926
38.2683
50
-99.1445
70.7107
13.0526
-86.6025
92.388
-25.8819
-60.8761
100
-60.8761
-25.8819
92.388
-86.6025
13.0526
70.7107
-99.1445
50
38.2683
-96.5926
79.3353
-9.59608e-11
-79.3353
96.5926
-38.2683
-50
99.1445
-70.7107
-13.0526
86.6025
-92.388
25.8819
60.8761
-100
60.8761
25.8819
-92.388
86.6025
-13.0526
-70.7107
99.1445
-50
-38.2683
96.5926
-79.3353
1.1174e-10
79.3353
-96.5926
38.2683
50
-99.1445
70.7107
13.0526
-86.6025
92.388
-25.8819
-60.8761
100
-60.8761
-25.8819
92.388
-86.6025
13.0526
70.7107
-99.1445
50
38.2683
-96.5926
79.3353
-1.27519e-10
-79.3353
96.5926
-38.2683
-50
99.1445
-70.7107
-13.0526
86.6025
-92.388
25.8819
60.8761
-100
60.8761
25.8819
-92.388
86.6025
-13.0526
-70.7107
99.1445
-50
-38.2683
96.5926
-79.3353
1.43298e-10
79.3353
-96.5926
38.2683
50
-99.1445
70.7107
13.0526
-86.6025
92.388
-25.8819
-60.8761
100
-60.8761
-25.8819
92.388
-86.6025
13.0526
70.7107
-99.1445
50
38.2683
-96.5926
79.3353
-1.59077e-10
-79.3353
96.5926
-38.2683
-50
99.1445
-70.7107
-13.0526
86.6025
-92.388
25.8819
60.8761
-100
60.8761
25.8819
-92.388
86.6025
-13.0526
-70.7107
99.1445
-50
-38.2683
96.5926
-79.3353
1.74856e-10
79.3353
-96.5926
38.2683
50
-99.1445
70.7107
13.0526
-86.6025
92.388
-25.8819
-60.8761
100
-60.8761
-25.8819
92.388
-86.6025
13.0526
70.7107
-99.1445
50
38.2683
-96.5926
79.3353
-8.73595e-12
-79.3353
96.5926
-38.2683
-50
99.1445
-70.7107
-13.0526
86.6025
-92.388
25.8819
60.8761
-100
60.8761
25.8819
-92.388
86.6025
-13.0526
-70.7107
99.1445
-50
-38.2683
96.5926
-79.3353
2.4515e-11
79.3353
-96.5926
38.2683
50
-99.1445
70.7107
13.0526
-86.6025
92.388
-25.8819
-60.8761
100
-60.8761
-25.8819
92.388
-86.6025
13.0526
70.7107
-99.1445
50
38.2683
-96.5926
79.3353
-4.0294e-11
-79.3353
96.5926
-38.2683
-50
99.1445
-70.7107
-13.0526
86.6025
-92.388
25.8819
60.8761
-100
60.8761
25.8819
-92.388
86.6025
-13.0526
-70.7107
99.1445
-50
-38.2683
96.5926
-79.3353
-1.25826e-10
79.3353
-96.5926
38.2683
50
-99.1445
70.7107
13.0526
-86.6025
92.388
-25.8819
-60.8761
100
-60.8761
-25.8819
92.388
-86.6025
13.0526
70.7107
-99.1445
50
38.2683
-96.5926
79.3353
1.10047e-10
-79.3353
96.5926
-38.2683
-50
99.1445
-70.7107
-13.0526
86.6025
-92.388
25.8819
60.8761
-100
60.8761
25.8819
-92.388
86.6025
-13.0526
-70.7107
99.1445
-50
-38.2683
96.5926
-79.3353
-9.42679e-11
79.3353
-96.5926
38.2683
50
-99.1445
70.7107
13.0526
-86.6025
92.388
-25.8819
-60.8761
100
-60.8761
-25.8819
92.388
-86.6025
13.0526
70.7107
-99.1445
50
38.2683
-96.5926
79.3353
7.84889e-11
-79.3353
96.5926
-38.2683
-50
99.1445
-70.7107
-13.0526
86.6025
-92.388
25.8819
60.8761
-100
60.8761
25.8819
-92.388
86.6025
-13.0526
-70.7107
99.1445
-50
-38.2683
96.5926
-79.3353
-6.27098e-11
79.3353
-96.5926
38.2683
50
-99.1445
70.7107
13.0526
-86.6025
92.388
-25.8819
-60.8761
100
-60.8761
-25.8819
92.388
-86.6025
13.0526
70.7107
-99.1445
50
38.2683
-96.5926
79.3353
4.69308e-11
-79.3353
96.5926
-38.2683
-50
99.1445
-70.7107
-13.0526
86.6025
-92.388
25.8819
60.8761
-100
60.8761
25.8819
-92.388
86.6025
-13.0526
-70.7107
99.1445
-50
-38.2683
96.5926
-79.3353
-3.11518e-11
79.3353
-96.5926
38.2683
50
-99.1445
70.7107
13.0526
-86.6025
92.388
-25.8819
-60.8761
100
-60.8761
-25.8819
92.388
-86.6025
13.0526
70.7107
-99.1445
50
38.2683
-96.5926
79.3353
1.53728e-11
-79.3353
96.5926
-38.2683
-50
99.1445
-70.7107
-13.0526
86.6025
-92.388
25.8819
60.8761
-100
60.8761
25.8819
-92.388
86.6025
-13.0526
-70.7107
99.1445
-50
-38.2683
96.5926
-79.3353
4.06247e-13
79.3353
-96.5926
38.2683
50
-99.1445
70.7107
13.0526
-86.6025
92.388
-25.8819
-60.8761
100
-60.8761
-25.8819
92.388
-86.6025
13.0526
70.7107
-99.1445
50
38.2683
-96.5926
79.3353
-1.61853e-11
-79.3353
96.5926
-38.2683
-50
99.1445
-70.7107
-13.0526
86.6025
-92.388
25.8819
60.8761
-100
60.8761
25.8819
-92.388
86.6025
-13.0526
-70.7107
99.1445
-50
-38.2683
96.5926
-79.3353
3.19643e-11
79.3353
-96.5926
38.2683
50
-99.1445
70.7107
13.0526
-86.6025
92.388
-25.8819
-60.8761
100
-60.8761
-25.8819
92.388
-86.6025
13.0526
70.7107
-99.1445
50
38.2683
-96.5926
79.3353
-4.77433e-11
-79.3353
96.5926
-38.2683
-50
99.1445
-70.7107
-13.0526
86.6025
-92.388
25.8819
60.8761
-100
60.8761
25.8819
-92.388
86.6025
-13.0526
-70.7107
99.1445
-50
-38.2683
96.5926
-79.3353
