0
86.6025
86.6025
1.22465e-14
-86.6025
-86.6025
-2.44929e-14
86.6025
86.6025
3.67394e-14
-86.6025
-86.6025
-4.89859e-14
86.6025
86.6025
6.12323e-14
-86.6025
-86.6025
-7.34788e-14
86.6025
86.6025
8.57253e-14
-86.6025
-86.6025
-9.79717e-14
86.6025
86.6025
4.6549e-13
-86.6025
-86.6025
-1.22465e-13
86.6025
86.6025
4.89983e-13
-86.6025
-86.6025
-1.46958e-13
86.6025
86.6025
5.14475e-13
-86.6025
-86.6025
-1.71451e-13
86.6025
86.6025
5.38968e-13
-86.6025
-86.6025
-1.95943e-13
86.6025
86.6025
1.274e-12
-86.6025
-86.6025
-9.30979e-13
86.6025
86.6025
5.87954e-13
-86.6025
-86.6025
-2.44929e-13
86.6025
86.6025
1.32299e-12
-86.6025
-86.6025
-9.79965e-13
86.6025
86.6025
6.3694e-13
-86.6025
-86.6025
-2.93915e-13
86.6025
86.6025
1.37198e-12
-86.6025
-86.6025
-1.02895e-12
86.6025
86.6025
6.85926e-13
-86.6025
-86.6025
-3.42901e-13
86.6025
86.6025
1.42096e-12
-86.6025
-86.6025
-1.07794e-12
86.6025
86.6025
7.34912e-13
-86.6025
-86.6025
-3.91887e-13
86.6025
86.6025
4.88621e-14
-86.6025
-86.6025
-2.54801e-12
86.6025
86.6025
2.20498e-12
-86.6025
-86.6025
-1.86196e-12
86.6025
86.6025
1.51893e-12
-86.6025
-86.6025
-1.17591e-12
86.6025
86.6025
8.32884e-13
-86.6025
-86.6025
-4.89859e-13
86.6025
86.6025
1.56792e-12
-86.6025
-86.6025
-2.64598e-12
86.6025
86.6025
3.72404e-12
-86.6025
-86.6025
-1.95993e-12
86.6025
86.6025
3.03799e-12
-86.6025
-86.6025
-1.27388e-12
86.6025
86.6025
2.35194e-12
-86.6025
-86.6025
-5.8783e-13
86.6025
86.6025
4.50806e-12
-86.6025
-86.6025
-2.74395e-12
86.6025
86.6025
3.82201e-12
-86.6025
-86.6025
-2.0579e-12
86.6025
86.6025
3.13596e-12
-86.6025
-86.6025
-1.37185e-12
86.6025
86.6025
2.44991e-12
-86.6025
-86.6025
-6.85802e-13
86.6025
86.6025
4.60603e-12
-86.6025
-86.6025
-2.84192e-12
86.6025
86.6025
3.91998e-12
-86.6025
-86.6025
-2.15587e-12
86.6025
86.6025
3.23393e-12
-86.6025
-86.6025
-1.46982e-12
86.6025
86.6025
2.54788e-12
-86.6025
-86.6025
-7.83774e-13
86.6025
86.6025
1.86183e-12
-86.6025
-86.6025
-9.77242e-14
86.6025
86.6025
1.17578e-12
-86.6025
-86.6025
-5.09602e-12
86.6025
86.6025
6.17408e-12
-86.6025
-86.6025
-4.40997e-12
86.6025
86.6025
5.48803e-12
-86.6025
-86.6025
-3.72392e-12
86.6025
86.6025
4.80198e-12
-86.6025
-86.6025
-3.03787e-12
86.6025
86.6025
4.11593e-12
-86.6025
-86.6025
-2.35182e-12
86.6025
86.6025
3.42988e-12
-86.6025
-86.6025
-1.66577e-12
86.6025
86.6025
2.74383e-12
-86.6025
-86.6025
-9.79717e-13
86.6025
86.6025
2.05778e-12
-86.6025
-86.6025
-3.13584e-12
86.6025
86.6025
4.2139e-12
-86.6025
-86.6025
-5.29196e-12
86.6025
86.6025
6.37002e-12
-86.6025
-86.6025
-7.44808e-12
86.6025
86.6025
2.8418e-12
-86.6025
-86.6025
-3.91986e-12
86.6025
86.6025
4.99792e-12
-86.6025
-86.6025
-6.07598e-12
86.6025
86.6025
1.4697e-12
-86.6025
-86.6025
-2.54776e-12
86.6025
86.6025
3.62582e-12
-86.6025
-86.6025
-4.70388e-12
86.6025
86.6025
9.76004e-14
-86.6025
-86.6025
-1.17566e-12
86.6025
86.6025
2.25372e-12
-86.6025
-86.6025
-9.01612e-12
86.6025
86.6025
4.40984e-12
-86.6025
-86.6025
-5.4879e-12
86.6025
86.6025
6.56596e-12
-86.6025
-86.6025
-7.64402e-12
86.6025
86.6025
3.03774e-12
-86.6025
-86.6025
-4.1158e-12
86.6025
86.6025
5.19386e-12
-86.6025
-86.6025
-6.27192e-12
86.6025
86.6025
1.66564e-12
-86.6025
-86.6025
-2.7437e-12
86.6025
86.6025
3.82176e-12
-86.6025
-86.6025
-4.89983e-12
86.6025
86.6025
2.93544e-13
-86.6025
-86.6025
-1.3716e-12
86.6025
86.6025
8.13401e-12
-86.6025
-86.6025
-9.21207e-12
86.6025
86.6025
4.60579e-12
-86.6025
-86.6025
-5.68385e-12
86.6025
86.6025
6.76191e-12
-86.6025
-86.6025
-7.83997e-12
86.6025
86.6025
3.23369e-12
-86.6025
-86.6025
-4.31175e-12
86.6025
86.6025
5.38981e-12
-86.6025
-86.6025
-6.46787e-12
86.6025
86.6025
1.86159e-12
-86.6025
-86.6025
-2.93965e-12
86.6025
86.6025
4.01771e-12
-86.6025
-86.6025
-5.09577e-12
86.6025
86.6025
6.17383e-12
-86.6025
-86.6025
-1.56755e-12
86.6025
86.6025
2.64561e-12
-86.6025
-86.6025
-3.72367e-12
86.6025
86.6025
4.80173e-12
-86.6025
-86.6025
-1.95448e-13
86.6025
86.6025
1.27351e-12
-86.6025
-86.6025
-2.35157e-12
86.6025
86.6025
3.42963e-12
-86.6025
-86.6025
-1.0192e-11
86.6025
86.6025
1.12701e-11
-86.6025
-86.6025
-1.23482e-11
86.6025
86.6025
7.74187e-12
-86.6025
-86.6025
-8.81993e-12
86.6025
86.6025
9.89799e-12
-86.6025
-86.6025
-1.09761e-11
86.6025
86.6025
6.36977e-12
-86.6025
-86.6025
-7.44783e-12
86.6025
86.6025
8.52589e-12
-86.6025
-86.6025
-9.60395e-12
86.6025
86.6025
4.99767e-12
-86.6025
-86.6025
-6.07573e-12
86.6025
86.6025
7.15379e-12
-86.6025
-86.6025
-8.23185e-12
86.6025
86.6025
3.62557e-12
-86.6025
-86.6025
-4.70363e-12
86.6025
86.6025
5.78169e-12
-86.6025
-86.6025
-6.85976e-12
86.6025
86.6025
7.93782e-12
-86.6025
-86.6025
-3.33153e-12
86.6025
86.6025
4.4096e-12
-86.6025
-86.6025
-5.48766e-12
86.6025
86.6025
6.56572e-12
-86.6025
-86.6025
-1.95943e-12
86.6025
86.6025
3.0375e-12
-86.6025
-86.6025
-4.11556e-12
86.6025
86.6025
5.19362e-12
-86.6025
-86.6025
-6.27168e-12
86.6025
86.6025
7.34974e-12
-86.6025
-86.6025
-8.4278e-12
86.6025
86.6025
9.50586e-12
-86.6025
-86.6025
-1.05839e-11
86.6025
86.6025
1.1662e-11
-86.6025
-86.6025
-1.274e-11
86.6025
86.6025
1.38181e-11
-86.6025
-86.6025
-1.48962e-11
86.6025
86.6025
4.60554e-12
-86.6025
-86.6025
-5.6836e-12
86.6025
86.6025
6.76166e-12
-86.6025
-86.6025
-7.83972e-12
86.6025
86.6025
8.91778e-12
-86.6025
-86.6025
-9.99584e-12
86.6025
86.6025
1.10739e-11
-86.6025
-86.6025
-1.2152e-11
86.6025
86.6025
1.323e-11
-86.6025
-86.6025
-2.9394e-12
86.6025
86.6025
4.01746e-12
-86.6025
-86.6025
-5.09552e-12
86.6025
86.6025
6.17358e-12
-86.6025
-86.6025
-7.25164e-12
86.6025
86.6025
8.3297e-12
-86.6025
-86.6025
-9.40776e-12
86.6025
86.6025
1.04858e-11
-86.6025
-86.6025
-1.95201e-13
86.6025
86.6025
1.27326e-12
-86.6025
-86.6025
-2.35132e-12
86.6025
86.6025
3.42938e-12
-86.6025
-86.6025
-4.50744e-12
86.6025
86.6025
5.5855e-12
-86.6025
-86.6025
-1.80322e-11
86.6025
86.6025
7.74162e-12
-86.6025
-86.6025
-8.81969e-12
86.6025
86.6025
9.89775e-12
-86.6025
-86.6025
-1.09758e-11
86.6025
86.6025
1.20539e-11
-86.6025
-86.6025
-1.31319e-11
86.6025
86.6025
1.421e-11
-86.6025
-86.6025
-1.5288e-11
86.6025
86.6025
4.99743e-12
-86.6025
-86.6025
-6.07549e-12
86.6025
86.6025
7.15355e-12
-86.6025
-86.6025
-8.23161e-12
86.6025
86.6025
9.30967e-12
-86.6025
-86.6025
-1.03877e-11
86.6025
86.6025
1.14658e-11
-86.6025
-86.6025
-1.25438e-11
86.6025
86.6025
1.36219e-11
-86.6025
-86.6025
-3.33129e-12
86.6025
86.6025
4.40935e-12
-86.6025
-86.6025
-5.48741e-12
86.6025
86.6025
6.56547e-12
-86.6025
-86.6025
-7.64353e-12
86.6025
86.6025
8.72159e-12
-86.6025
-86.6025
-9.79965e-12
86.6025
86.6025
1.08777e-11
-86.6025
-86.6025
-5.87088e-13
86.6025
86.6025
1.66515e-12
-86.6025
-86.6025
-2.74321e-12
86.6025
86.6025
3.82127e-12
-86.6025
-86.6025
-1.6268e-11
86.6025
86.6025
1.73461e-11
-86.6025
-86.6025
-1.84241e-11
86.6025
86.6025
8.13351e-12
-86.6025
-86.6025
-9.21157e-12
86.6025
86.6025
1.02896e-11
-86.6025
-86.6025
-1.13677e-11
86.6025
86.6025
1.24458e-11
-86.6025
-86.6025
-1.35238e-11
86.6025
86.6025
1.46019e-11
-86.6025
-86.6025
-1.56799e-11
86.6025
86.6025
1.6758e-11
-86.6025
-86.6025
-6.46737e-12
86.6025
86.6025
7.54543e-12
-86.6025
-86.6025
-8.62349e-12
86.6025
86.6025
9.70155e-12
-86.6025
-86.6025
-1.07796e-11
86.6025
86.6025
1.18577e-11
-86.6025
-86.6025
-1.29357e-11
86.6025
86.6025
1.40138e-11
-86.6025
-86.6025
-3.72317e-12
86.6025
86.6025
4.80123e-12
-86.6025
-86.6025
-5.8793e-12
86.6025
86.6025
6.95736e-12
-86.6025
-86.6025
-8.03542e-12
86.6025
86.6025
9.11348e-12
-86.6025
-86.6025
-1.01915e-11
86.6025
86.6025
1.12696e-11
-86.6025
-86.6025
-1.23477e-11
86.6025
86.6025
2.05704e-12
-86.6025
-86.6025
-3.1351e-12
86.6025
86.6025
4.21316e-12
-86.6025
-86.6025
-5.29122e-12
86.6025
86.6025
6.36928e-12
-86.6025
-86.6025
-7.44734e-12
86.6025
86.6025
8.5254e-12
-86.6025
-86.6025
-9.60346e-12
86.6025
86.6025
-6.87164e-13
-86.6025
-86.6025
-3.90897e-13
86.6025
86.6025
1.46896e-12
-86.6025
-86.6025
-2.54702e-12
86.6025
86.6025
3.62508e-12
-86.6025
-86.6025
-4.70314e-12
86.6025
86.6025
5.7812e-12
-86.6025
-86.6025
-6.85926e-12
86.6025
86.6025
7.93732e-12
-86.6025
-86.6025
-2.03841e-11
86.6025
86.6025
2.14621e-11
-86.6025
-86.6025
-2.25402e-11
86.6025
86.6025
2.36182e-11
-86.6025
-86.6025
-2.46963e-11
86.6025
86.6025
1.44057e-11
-86.6025
-86.6025
-1.54837e-11
86.6025
86.6025
1.65618e-11
-86.6025
-86.6025
-1.76399e-11
86.6025
86.6025
1.87179e-11
-86.6025
-86.6025
-1.9796e-11
86.6025
86.6025
2.0874e-11
-86.6025
-86.6025
-2.19521e-11
86.6025
86.6025
1.16615e-11
-86.6025
-86.6025
-1.27395e-11
86.6025
86.6025
1.38176e-11
-86.6025
-86.6025
-1.48957e-11
86.6025
86.6025
1.59737e-11
-86.6025
-86.6025
-1.70518e-11
86.6025
86.6025
1.81298e-11
-86.6025
-86.6025
-1.92079e-11
86.6025
86.6025
2.0286e-11
-86.6025
-86.6025
-9.99535e-12
86.6025
86.6025
1.10734e-11
-86.6025
-86.6025
-1.21515e-11
86.6025
86.6025
1.32295e-11
-86.6025
-86.6025
-1.43076e-11
86.6025
86.6025
1.53856e-11
-86.6025
-86.6025
-1.64637e-11
86.6025
86.6025
1.75418e-11
-86.6025
-86.6025
-7.25115e-12
86.6025
86.6025
8.32921e-12
-86.6025
-86.6025
-9.40727e-12
86.6025
86.6025
1.04853e-11
-86.6025
-86.6025
-1.15634e-11
86.6025
86.6025
1.26414e-11
-86.6025
-86.6025
-1.37195e-11
86.6025
86.6025
1.47976e-11
-86.6025
-86.6025
-1.58756e-11
86.6025
86.6025
5.58501e-12
-86.6025
-86.6025
-6.66307e-12
86.6025
86.6025
7.74113e-12
-86.6025
-86.6025
-8.81919e-12
86.6025
86.6025
9.89725e-12
-86.6025
-86.6025
-1.09753e-11
86.6025
86.6025
1.20534e-11
-86.6025
-86.6025
-1.31314e-11
86.6025
86.6025
2.84081e-12
-86.6025
-86.6025
-3.91887e-12
86.6025
86.6025
4.99693e-12
-86.6025
-86.6025
-6.07499e-12
86.6025
86.6025
7.15305e-12
-86.6025
-86.6025
-8.23111e-12
86.6025
86.6025
9.30917e-12
-86.6025
-86.6025
-1.03872e-11
86.6025
86.6025
9.661e-14
-86.6025
-86.6025
-1.25434e-11
86.6025
86.6025
2.25273e-12
-86.6025
-86.6025
-1.46995e-11
86.6025
86.6025
4.40885e-12
-86.6025
-86.6025
-1.68556e-11
86.6025
86.6025
2.93023e-11
-86.6025
-86.6025
-1.90117e-11
86.6025
86.6025
3.14585e-11
-86.6025
-86.6025
-2.11678e-11
86.6025
86.6025
1.08772e-11
-86.6025
-86.6025
-2.3324e-11
86.6025
86.6025
1.30333e-11
-86.6025
-86.6025
-2.54801e-11
86.6025
86.6025
1.51895e-11
-86.6025
-86.6025
-2.76362e-11
86.6025
86.6025
1.73456e-11
-86.6025
-86.6025
-2.97923e-11
86.6025
86.6025
1.95017e-11
-86.6025
-86.6025
-9.21108e-12
86.6025
86.6025
2.16578e-11
-86.6025
-86.6025
-1.13672e-11
86.6025
86.6025
2.38139e-11
-86.6025
-86.6025
-1.35233e-11
86.6025
86.6025
2.59701e-11
-86.6025
-86.6025
-1.56794e-11
86.6025
86.6025
2.81262e-11
-86.6025
-86.6025
-1.78356e-11
86.6025
86.6025
7.54494e-12
-86.6025
-86.6025
-1.99917e-11
86.6025
86.6025
9.70106e-12
-86.6025
-86.6025
-2.21478e-11
86.6025
86.6025
1.18572e-11
-86.6025
-86.6025
-2.43039e-11
86.6025
86.6025
1.40133e-11
-86.6025
-86.6025
-2.646e-11
86.6025
86.6025
1.61694e-11
-86.6025
-86.6025
-5.8788e-12
86.6025
86.6025
1.83255e-11
-86.6025
-86.6025
-8.03492e-12
86.6025
86.6025
2.04817e-11
-86.6025
-86.6025
-1.0191e-11
86.6025
86.6025
2.26378e-11
-86.6025
-86.6025
-1.23472e-11
86.6025
86.6025
2.05654e-12
-86.6025
-86.6025
-1.45033e-11
86.6025
86.6025
4.21266e-12
-86.6025
-86.6025
-1.66594e-11
86.6025
86.6025
6.36878e-12
-86.6025
-86.6025
-1.88155e-11
86.6025
86.6025
8.5249e-12
-86.6025
-86.6025
-2.09716e-11
86.6025
86.6025
1.0681e-11
-86.6025
-86.6025
-3.90401e-13
86.6025
86.6025
1.28371e-11
-86.6025
-86.6025
-2.54652e-12
86.6025
86.6025
1.49933e-11
-86.6025
-86.6025
-4.70264e-12
86.6025
86.6025
1.71494e-11
-86.6025
-86.6025
-6.85876e-12
86.6025
86.6025
1.93055e-11
-86.6025
-86.6025
-9.01489e-12
86.6025
86.6025
-1.27574e-12
-86.6025
-86.6025
-1.1171e-11
86.6025
86.6025
8.80384e-13
-86.6025
-86.6025
-3.60645e-11
86.6025
86.6025
2.57739e-11
-86.6025
-86.6025
-1.54832e-11
86.6025
86.6025
2.793e-11
-86.6025
-86.6025
-1.76394e-11
86.6025
86.6025
3.00861e-11
-86.6025
-86.6025
-1.97955e-11
86.6025
86.6025
3.22422e-11
-86.6025
-86.6025
-2.19516e-11
86.6025
86.6025
3.43984e-11
-86.6025
-86.6025
-2.41077e-11
86.6025
86.6025
1.38171e-11
-86.6025
-86.6025
-2.62639e-11
86.6025
86.6025
1.59732e-11
-86.6025
-86.6025
-2.842e-11
86.6025
86.6025
1.81294e-11
-86.6025
-86.6025
-3.05761e-11
86.6025
86.6025
2.02855e-11
-86.6025
-86.6025
-9.99485e-12
86.6025
86.6025
2.24416e-11
-86.6025
-86.6025
-1.2151e-11
86.6025
86.6025
2.45977e-11
-86.6025
-86.6025
-1.43071e-11
86.6025
86.6025
2.67538e-11
-86.6025
-86.6025
-1.64632e-11
86.6025
86.6025
2.891e-11
-86.6025
-86.6025
-1.86193e-11
86.6025
86.6025
8.32871e-12
-86.6025
-86.6025
-2.07755e-11
86.6025
86.6025
1.04848e-11
-86.6025
-86.6025
-2.29316e-11
86.6025
86.6025
1.2641e-11
-86.6025
-86.6025
-2.50877e-11
86.6025
86.6025
1.47971e-11
-86.6025
-86.6025
-2.72438e-11
86.6025
86.6025
1.69532e-11
-86.6025
-86.6025
-6.66257e-12
86.6025
86.6025
1.91093e-11
-86.6025
-86.6025
-8.81869e-12
86.6025
86.6025
2.12654e-11
-86.6025
-86.6025
-1.09748e-11
86.6025
86.6025
2.34216e-11
-86.6025
-86.6025
-1.31309e-11
86.6025
86.6025
2.55777e-11
-86.6025
-86.6025
-1.52871e-11
86.6025
86.6025
4.99644e-12
-86.6025
-86.6025
-1.74432e-11
86.6025
86.6025
7.15256e-12
-86.6025
-86.6025
-1.95993e-11
86.6025
86.6025
9.30868e-12
-86.6025
-86.6025
-2.17554e-11
86.6025
86.6025
1.14648e-11
-86.6025
-86.6025
-1.17418e-12
86.6025
86.6025
1.36209e-11
-86.6025
-86.6025
-3.3303e-12
86.6025
86.6025
1.5777e-11
-86.6025
-86.6025
-5.48642e-12
86.6025
86.6025
1.79332e-11
-86.6025
-86.6025
-7.64254e-12
86.6025
86.6025
2.00893e-11
-86.6025
-86.6025
-3.2536e-11
86.6025
86.6025
2.22454e-11
-86.6025
-86.6025
-3.46921e-11
86.6025
86.6025
2.44015e-11
-86.6025
-86.6025
-3.68483e-11
86.6025
86.6025
2.65576e-11
-86.6025
-86.6025
-1.6267e-11
86.6025
86.6025
2.87138e-11
-86.6025
-86.6025
-1.84231e-11
86.6025
86.6025
3.08699e-11
-86.6025
-86.6025
-2.05793e-11
86.6025
86.6025
3.3026e-11
-86.6025
-86.6025
-2.27354e-11
86.6025
86.6025
3.51821e-11
-86.6025
-86.6025
-2.48915e-11
86.6025
86.6025
1.46009e-11
-86.6025
-86.6025
-2.70476e-11
86.6025
86.6025
1.6757e-11
-86.6025
-86.6025
-2.92038e-11
86.6025
86.6025
1.89131e-11
-86.6025
-86.6025
-3.13599e-11
86.6025
86.6025
2.10692e-11
-86.6025
-86.6025
-3.3516e-11
86.6025
86.6025
2.32254e-11
-86.6025
-86.6025
-1.29347e-11
86.6025
86.6025
2.53815e-11
-86.6025
-86.6025
-1.50909e-11
86.6025
86.6025
2.75376e-11
-86.6025
-86.6025
-1.7247e-11
86.6025
86.6025
2.96937e-11
-86.6025
-86.6025
-1.94031e-11
86.6025
86.6025
9.11249e-12
-86.6025
-86.6025
-2.15592e-11
86.6025
86.6025
1.12686e-11
-86.6025
-86.6025
-2.37154e-11
86.6025
86.6025
1.34247e-11
-86.6025
-86.6025
-2.58715e-11
86.6025
86.6025
1.55808e-11
-86.6025
-86.6025
-2.80276e-11
86.6025
86.6025
1.7737e-11
-86.6025
-86.6025
-7.44635e-12
86.6025
86.6025
1.98931e-11
-86.6025
-86.6025
-9.60247e-12
86.6025
86.6025
2.20492e-11
-86.6025
-86.6025
-1.17586e-11
86.6025
86.6025
2.42053e-11
-86.6025
-86.6025
-1.39147e-11
86.6025
86.6025
2.63615e-11
-86.6025
-86.6025
-1.60708e-11
86.6025
86.6025
5.78021e-12
-86.6025
-86.6025
-1.8227e-11
86.6025
86.6025
7.93633e-12
-86.6025
-86.6025
-2.03831e-11
86.6025
86.6025
1.00925e-11
-86.6025
-86.6025
-2.25392e-11
86.6025
86.6025
1.22486e-11
-86.6025
-86.6025
-2.46953e-11
86.6025
86.6025
1.44047e-11
-86.6025
-86.6025
-4.11407e-12
86.6025
86.6025
1.65608e-11
-86.6025
-86.6025
-6.27019e-12
86.6025
86.6025
1.87169e-11
-86.6025
-86.6025
-8.42631e-12
86.6025
86.6025
2.08731e-11
-86.6025
-86.6025
-1.05824e-11
86.6025
86.6025
2.30292e-11
-86.6025
-86.6025
-1.27386e-11
86.6025
86.6025
2.44793e-12
-86.6025
-86.6025
-1.48947e-11
86.6025
86.6025
4.60405e-12
-86.6025
-86.6025
-1.70508e-11
86.6025
86.6025
6.76017e-12
-86.6025
-86.6025
-1.92069e-11
86.6025
86.6025
8.9163e-12
-86.6025
-86.6025
1.37433e-12
86.6025
86.6025
1.10724e-11
-86.6025
-86.6025
-7.81793e-13
86.6025
86.6025
1.32285e-11
-86.6025
-86.6025
-2.93791e-12
86.6025
86.6025
1.53847e-11
-86.6025
-86.6025
-5.09404e-12
86.6025
86.6025
1.75408e-11
-86.6025
-86.6025
-7.25016e-12
86.6025
86.6025
-3.04047e-12
-86.6025
-86.6025
-9.40628e-12
86.6025
86.6025
-8.84345e-13
-86.6025
-86.6025
-1.15624e-11
86.6025
86.6025
1.27178e-12
-86.6025
-86.6025
-1.37185e-11
86.6025
86.6025
3.4279e-12
-86.6025
-86.6025
-1.58746e-11
86.6025
86.6025
5.10588e-11
-86.6025
-86.6025
-4.07681e-11
86.6025
86.6025
3.04775e-11
-86.6025
-86.6025
-4.29243e-11
86.6025
86.6025
3.26336e-11
-86.6025
-86.6025
-4.50804e-11
86.6025
86.6025
3.47897e-11
-86.6025
-86.6025
-4.72365e-11
86.6025
86.6025
3.69459e-11
-86.6025
-86.6025
-4.93926e-11
86.6025
86.6025
3.9102e-11
-86.6025
-86.6025
-2.88114e-11
86.6025
86.6025
4.12581e-11
-86.6025
-86.6025
-3.09675e-11
86.6025
86.6025
4.34142e-11
-86.6025
-86.6025
-3.31236e-11
86.6025
86.6025
4.55704e-11
-86.6025
-86.6025
-3.52797e-11
86.6025
86.6025
2.49891e-11
-86.6025
-86.6025
-3.74359e-11
86.6025
86.6025
2.71452e-11
-86.6025
-86.6025
-3.9592e-11
86.6025
86.6025
2.93014e-11
-86.6025
-86.6025
-4.17481e-11
86.6025
86.6025
3.14575e-11
-86.6025
-86.6025
-4.39042e-11
86.6025
86.6025
3.36136e-11
-86.6025
-86.6025
-2.3323e-11
86.6025
86.6025
3.57697e-11
-86.6025
-86.6025
-2.54791e-11
86.6025
86.6025
3.79258e-11
-86.6025
-86.6025
-2.76352e-11
86.6025
86.6025
4.0082e-11
-86.6025
-86.6025
-2.97913e-11
86.6025
86.6025
4.22381e-11
-86.6025
-86.6025
-3.19475e-11
86.6025
86.6025
2.16568e-11
-86.6025
-86.6025
-3.41036e-11
86.6025
86.6025
2.3813e-11
-86.6025
-86.6025
-3.62597e-11
86.6025
86.6025
2.59691e-11
-86.6025
-86.6025
-3.84158e-11
86.6025
86.6025
2.81252e-11
-86.6025
-86.6025
-4.05719e-11
86.6025
86.6025
3.02813e-11
-86.6025
-86.6025
-1.99907e-11
86.6025
86.6025
3.24374e-11
-86.6025
-86.6025
-2.21468e-11
86.6025
86.6025
3.45936e-11
-86.6025
-86.6025
-2.43029e-11
86.6025
86.6025
3.67497e-11
-86.6025
-86.6025
-2.64591e-11
86.6025
86.6025
1.61684e-11
-86.6025
-86.6025
-2.86152e-11
86.6025
86.6025
1.83246e-11
-86.6025
-86.6025
-3.07713e-11
86.6025
86.6025
2.04807e-11
-86.6025
-86.6025
-3.29274e-11
86.6025
86.6025
2.26368e-11
-86.6025
-86.6025
-3.50835e-11
86.6025
86.6025
2.47929e-11
-86.6025
-86.6025
-1.45023e-11
86.6025
86.6025
2.6949e-11
-86.6025
-86.6025
-1.66584e-11
86.6025
86.6025
2.91052e-11
-86.6025
-86.6025
-1.88145e-11
86.6025
86.6025
3.12613e-11
-86.6025
-86.6025
-2.09707e-11
86.6025
86.6025
3.34174e-11
-86.6025
-86.6025
-2.31268e-11
86.6025
86.6025
1.28362e-11
-86.6025
-86.6025
-2.52829e-11
86.6025
86.6025
1.49923e-11
-86.6025
-86.6025
-2.7439e-11
86.6025
86.6025
1.71484e-11
-86.6025
-86.6025
-2.95951e-11
86.6025
86.6025
1.93045e-11
-86.6025
-86.6025
-3.17513e-11
86.6025
86.6025
2.14606e-11
-86.6025
-86.6025
-1.117e-11
86.6025
86.6025
2.36168e-11
-86.6025
-86.6025
-1.33261e-11
86.6025
86.6025
2.57729e-11
-86.6025
-86.6025
-1.54823e-11
86.6025
86.6025
2.7929e-11
-86.6025
-86.6025
-1.76384e-11
86.6025
86.6025
3.00851e-11
-86.6025
-86.6025
-1.97945e-11
86.6025
86.6025
9.50388e-12
-86.6025
-86.6025
-2.19506e-11
86.6025
86.6025
1.166e-11
-86.6025
-86.6025
-2.41067e-11
86.6025
86.6025
1.38161e-11
-86.6025
-86.6025
-2.62629e-11
86.6025
86.6025
1.59722e-11
-86.6025
-86.6025
-5.68162e-12
86.6025
86.6025
1.81284e-11
-86.6025
-86.6025
-7.83774e-12
86.6025
86.6025
2.02845e-11
-86.6025
-86.6025
-9.99386e-12
86.6025
86.6025
2.24406e-11
-86.6025
-86.6025
-1.215e-11
86.6025
86.6025
2.45967e-11
-86.6025
-86.6025
-1.43061e-11
86.6025
86.6025
4.01548e-12
-86.6025
-86.6025
-1.64622e-11
86.6025
86.6025
6.1716e-12
-86.6025
-86.6025
-1.86183e-11
86.6025
86.6025
8.32772e-12
-86.6025
-86.6025
-2.07745e-11
86.6025
86.6025
3.32212e-11
-86.6025
-86.6025
-1.9322e-13
86.6025
86.6025
1.264e-11
-86.6025
-86.6025
-2.50867e-11
86.6025
86.6025
-7.94128e-12
-86.6025
-86.6025
-4.50546e-12
86.6025
86.6025
1.69522e-11
-86.6025
-86.6025
-2.9399e-11
86.6025
86.6025
-3.62904e-12
-86.6025
-86.6025
-8.8177e-12
86.6025
86.6025
6.67392e-11
-86.6025
-86.6025
-3.37112e-11
86.6025
86.6025
4.61579e-11
-86.6025
-86.6025
-5.86047e-11
86.6025
86.6025
2.55767e-11
-86.6025
-86.6025
-3.80234e-11
86.6025
86.6025
5.04702e-11
-86.6025
-86.6025
-6.29169e-11
86.6025
86.6025
2.98889e-11
-86.6025
-86.6025
-4.23357e-11
86.6025
86.6025
5.47824e-11
-86.6025
-86.6025
-2.17544e-11
86.6025
86.6025
3.42012e-11
-86.6025
-86.6025
-4.66479e-11
86.6025
86.6025
5.90947e-11
-86.6025
-86.6025
-2.60667e-11
86.6025
86.6025
3.85134e-11
-86.6025
-86.6025
-5.09602e-11
86.6025
86.6025
6.34069e-11
-86.6025
-86.6025
-3.03789e-11
86.6025
86.6025
4.28257e-11
-86.6025
-86.6025
-5.52724e-11
86.6025
86.6025
2.22444e-11
-86.6025
-86.6025
-3.46912e-11
86.6025
86.6025
4.71379e-11
-86.6025
-86.6025
-5.95846e-11
86.6025
86.6025
2.65567e-11
-86.6025
-86.6025
-3.90034e-11
86.6025
86.6025
5.14501e-11
-86.6025
-86.6025
-1.84222e-11
86.6025
86.6025
3.08689e-11
-86.6025
-86.6025
-4.33156e-11
86.6025
86.6025
5.57624e-11
-86.6025
-86.6025
-2.27344e-11
86.6025
86.6025
3.51811e-11
-86.6025
-86.6025
-4.76279e-11
86.6025
86.6025
1.45999e-11
-86.6025
-86.6025
-2.70466e-11
86.6025
86.6025
3.94934e-11
-86.6025
-86.6025
-5.19401e-11
86.6025
86.6025
1.89121e-11
-86.6025
-86.6025
-3.13589e-11
86.6025
86.6025
4.38056e-11
-86.6025
-86.6025
-5.62524e-11
86.6025
86.6025
2.32244e-11
-86.6025
-86.6025
-3.56711e-11
86.6025
86.6025
4.81179e-11
-86.6025
-86.6025
-1.50899e-11
86.6025
86.6025
2.75366e-11
-86.6025
-86.6025
-3.99834e-11
86.6025
86.6025
5.24301e-11
-86.6025
-86.6025
-1.94021e-11
86.6025
86.6025
3.18489e-11
-86.6025
-86.6025
-4.42956e-11
86.6025
86.6025
1.12676e-11
-86.6025
-86.6025
-2.37144e-11
86.6025
86.6025
3.61611e-11
-86.6025
-86.6025
-4.86079e-11
86.6025
86.6025
1.55799e-11
-86.6025
-86.6025
-2.80266e-11
86.6025
86.6025
4.04733e-11
-86.6025
-86.6025
-5.29201e-11
86.6025
86.6025
1.98921e-11
-86.6025
-86.6025
-3.23388e-11
86.6025
86.6025
4.47856e-11
-86.6025
-86.6025
-1.17576e-11
86.6025
86.6025
2.42043e-11
-86.6025
-86.6025
-3.66511e-11
86.6025
86.6025
4.90978e-11
-86.6025
-86.6025
-1.60698e-11
86.6025
86.6025
2.85166e-11
-86.6025
-86.6025
-4.09633e-11
86.6025
86.6025
7.93534e-12
-86.6025
-86.6025
-2.03821e-11
86.6025
86.6025
3.28288e-11
-86.6025
-86.6025
-4.52756e-11
86.6025
86.6025
1.22476e-11
-86.6025
-86.6025
-2.46943e-11
86.6025
86.6025
3.71411e-11
-86.6025
-86.6025
-4.11308e-12
86.6025
86.6025
1.65598e-11
-86.6025
-86.6025
-2.90066e-11
86.6025
86.6025
4.14533e-11
-86.6025
-86.6025
-8.42532e-12
86.6025
86.6025
2.08721e-11
-86.6025
-86.6025
-3.33188e-11
86.6025
86.6025
4.57656e-11
-86.6025
-86.6025
-1.27376e-11
86.6025
86.6025
2.51843e-11
-86.6025
-86.6025
-3.76311e-11
86.6025
86.6025
4.60306e-12
-86.6025
-86.6025
-1.70498e-11
86.6025
86.6025
2.94966e-11
-86.6025
-86.6025
-4.19433e-11
86.6025
86.6025
8.9153e-12
-86.6025
-86.6025
-2.1362e-11
86.6025
86.6025
3.38088e-11
-86.6025
-86.6025
-7.80803e-13
86.6025
86.6025
1.32275e-11
-86.6025
-86.6025
-2.56743e-11
86.6025
86.6025
3.8121e-11
-86.6025
-86.6025
-5.09305e-12
86.6025
86.6025
1.75398e-11
-86.6025
-86.6025
-2.99865e-11
86.6025
86.6025
4.24333e-11
-86.6025
-86.6025
-9.40529e-12
86.6025
86.6025
2.1852e-11
-86.6025
-86.6025
-3.42988e-11
86.6025
86.6025
1.27079e-12
-86.6025
-86.6025
-1.37175e-11
86.6025
86.6025
2.61643e-11
-86.6025
-86.6025
-3.8611e-11
86.6025
86.6025
5.58303e-12
-86.6025
-86.6025
-1.80298e-11
86.6025
86.6025
3.04765e-11
-86.6025
-86.6025
2.55147e-12
86.6025
86.6025
9.89527e-12
-86.6025
-86.6025
-2.2342e-11
86.6025
86.6025
3.47888e-11
-86.6025
-86.6025
-1.76077e-12
86.6025
86.6025
1.42075e-11
-86.6025
-86.6025
-7.2129e-11
86.6025
86.6025
3.9101e-11
-86.6025
-86.6025
-5.15477e-11
86.6025
86.6025
6.39945e-11
-86.6025
-86.6025
-3.09665e-11
86.6025
86.6025
4.34132e-11
-86.6025
-86.6025
-5.586e-11
86.6025
86.6025
6.83067e-11
-86.6025
-86.6025
-3.52787e-11
86.6025
86.6025
4.77255e-11
-86.6025
-86.6025
-6.01722e-11
86.6025
86.6025
2.71442e-11
-86.6025
-86.6025
-3.9591e-11
86.6025
86.6025
5.20377e-11
-86.6025
-86.6025
-6.44845e-11
86.6025
86.6025
3.14565e-11
-86.6025
-86.6025
-4.39032e-11
86.6025
86.6025
5.635e-11
-86.6025
-86.6025
-6.87967e-11
86.6025
86.6025
3.57687e-11
-86.6025
-86.6025
-4.82155e-11
86.6025
86.6025
6.06622e-11
-86.6025
-86.6025
-2.76342e-11
86.6025
86.6025
4.0081e-11
-86.6025
-86.6025
-5.25277e-11
86.6025
86.6025
6.49745e-11
-86.6025
-86.6025
-3.19465e-11
86.6025
86.6025
4.43932e-11
-86.6025
-86.6025
-5.684e-11
86.6025
86.6025
2.3812e-11
-86.6025
-86.6025
-3.62587e-11
86.6025
86.6025
4.87055e-11
-86.6025
-86.6025
-6.11522e-11
86.6025
86.6025
2.81242e-11
-86.6025
-86.6025
-4.05709e-11
86.6025
86.6025
5.30177e-11
-86.6025
-86.6025
-1.99897e-11
86.6025
86.6025
3.24364e-11
-86.6025
-86.6025
-4.48832e-11
86.6025
86.6025
5.73299e-11
-86.6025
-86.6025
-2.43019e-11
86.6025
86.6025
3.67487e-11
-86.6025
-86.6025
-4.91954e-11
86.6025
86.6025
6.16422e-11
-86.6025
-86.6025
-2.86142e-11
86.6025
86.6025
4.10609e-11
-86.6025
-86.6025
-5.35077e-11
86.6025
86.6025
2.04797e-11
-86.6025
-86.6025
-3.29264e-11
86.6025
86.6025
4.53732e-11
-86.6025
-86.6025
3.31296e-11
86.6025
86.6025
-2.06828e-11
-86.6025
-86.6025
5.37108e-11
86.6025
86.6025
-4.12641e-11
-86.6025
-86.6025
2.88173e-11
86.6025
86.6025
-1.63706e-11
-86.6025
-86.6025
4.93986e-11
86.6025
86.6025
-3.69518e-11
-86.6025
-86.6025
2.45051e-11
86.6025
86.6025
-1.20583e-11
-86.6025
-86.6025
-3.88421e-13
86.6025
86.6025
1.28352e-11
-86.6025
-86.6025
2.01928e-11
86.6025
86.6025
-7.74608e-12
-86.6025
-86.6025
-4.70066e-12
86.6025
86.6025
1.71474e-11
-86.6025
-86.6025
1.58806e-11
86.6025
86.6025
-3.43384e-12
-86.6025
-86.6025
-9.01291e-12
86.6025
86.6025
-2.40151e-11
-86.6025
-86.6025
1.15683e-11
86.6025
86.6025
8.78403e-13
-86.6025
-86.6025
-1.33251e-11
86.6025
86.6025
-1.97028e-11
-86.6025
-86.6025
7.2561e-12
86.6025
86.6025
5.19065e-12
-86.6025
-86.6025
-1.76374e-11
86.6025
86.6025
-1.53906e-11
-86.6025
-86.6025
2.94386e-12
86.6025
86.6025
9.50289e-12
-86.6025
-86.6025
2.35251e-11
86.6025
86.6025
-1.10784e-11
-86.6025
-86.6025
-1.36839e-12
86.6025
86.6025
1.38151e-11
-86.6025
-86.6025
1.92129e-11
86.6025
86.6025
-6.76612e-12
-86.6025
-86.6025
-5.68063e-12
86.6025
86.6025
-2.73474e-11
-86.6025
-86.6025
1.49006e-11
86.6025
86.6025
-2.45387e-12
-86.6025
-86.6025
-9.99287e-12
86.6025
86.6025
-2.30351e-11
-86.6025
-86.6025
1.05884e-11
86.6025
86.6025
1.85837e-12
-86.6025
-86.6025
-1.43051e-11
86.6025
86.6025
-1.87229e-11
-86.6025
-86.6025
6.27613e-12
86.6025
86.6025
6.17061e-12
-86.6025
-86.6025
2.68574e-11
86.6025
86.6025
-1.44106e-11
-86.6025
-86.6025
1.96389e-12
86.6025
86.6025
1.04829e-11
-86.6025
-86.6025
2.25451e-11
86.6025
86.6025
-1.00984e-11
-86.6025
-86.6025
-2.34835e-12
86.6025
86.6025
-3.06796e-11
-86.6025
-86.6025
1.82329e-11
86.6025
86.6025
-5.78615e-12
-86.6025
-86.6025
-6.66059e-12
86.6025
86.6025
-2.63674e-11
-86.6025
-86.6025
1.39207e-11
86.6025
86.6025
-1.47391e-12
-86.6025
-86.6025
3.45019e-11
86.6025
86.6025
-2.20552e-11
-86.6025
-86.6025
9.60841e-12
86.6025
86.6025
2.83833e-12
-86.6025
-86.6025
3.01897e-11
86.6025
86.6025
-1.77429e-11
-86.6025
-86.6025
5.29617e-12
86.6025
86.6025
7.15058e-12
-86.6025
-86.6025
2.58774e-11
86.6025
86.6025
-1.34307e-11
-86.6025
-86.6025
9.83927e-13
86.6025
86.6025
-3.40119e-11
-86.6025
-86.6025
2.15652e-11
86.6025
86.6025
-9.11843e-12
-86.6025
-86.6025
-3.32832e-12
86.6025
86.6025
-2.96997e-11
-86.6025
-86.6025
1.72529e-11
86.6025
86.6025
-4.80619e-12
-86.6025
-86.6025
3.78342e-11
86.6025
86.6025
-2.53874e-11
-86.6025
-86.6025
1.29407e-11
86.6025
86.6025
-4.93944e-13
-86.6025
-86.6025
3.35219e-11
86.6025
86.6025
-2.10752e-11
-86.6025
-86.6025
8.62845e-12
86.6025
86.6025
3.8183e-12
-86.6025
-86.6025
2.92097e-11
86.6025
86.6025
-1.67629e-11
-86.6025
-86.6025
4.3162e-12
86.6025
86.6025
-3.73442e-11
-86.6025
-86.6025
2.48975e-11
86.6025
86.6025
-1.24507e-11
-86.6025
-86.6025
3.96148e-15
86.6025
86.6025
-3.3032e-11
-86.6025
-86.6025
2.05852e-11
86.6025
86.6025
-8.13846e-12
-86.6025
-86.6025
4.11665e-11
86.6025
86.6025
-2.87197e-11
-86.6025
-86.6025
1.6273e-11
86.6025
86.6025
-3.82622e-12
-86.6025
-86.6025
3.68542e-11
86.6025
86.6025
-2.44075e-11
-86.6025
-86.6025
1.19607e-11
86.6025
86.6025
-4.49887e-11
-86.6025
-86.6025
3.2542e-11
86.6025
86.6025
-2.00952e-11
-86.6025
-86.6025
7.64848e-12
86.6025
86.6025
-4.06765e-11
-86.6025
-86.6025
2.82297e-11
86.6025
86.6025
-1.5783e-11
-86.6025
-86.6025
3.33624e-12
86.6025
86.6025
-3.63642e-11
-86.6025
-86.6025
2.39175e-11
86.6025
86.6025
-1.14707e-11
-86.6025
-86.6025
4.44987e-11
86.6025
86.6025
-3.2052e-11
-86.6025
-86.6025
1.96052e-11
86.6025
86.6025
-7.1585e-12
-86.6025
-86.6025
4.01865e-11
86.6025
86.6025
-2.77397e-11
-86.6025
-86.6025
1.5293e-11
86.6025
86.6025
-4.8321e-11
-86.6025
-86.6025
3.58742e-11
86.6025
86.6025
-2.34275e-11
-86.6025
-86.6025
1.09808e-11
86.6025
86.6025
-4.40087e-11
-86.6025
-86.6025
3.1562e-11
86.6025
86.6025
-1.91153e-11
-86.6025
-86.6025
6.66852e-12
86.6025
86.6025
5.77823e-12
-86.6025
-86.6025
-1.8225e-11
86.6025
86.6025
-1.4803e-11
-86.6025
-86.6025
2.35627e-12
86.6025
86.6025
1.00905e-11
-86.6025
-86.6025
-2.25372e-11
86.6025
86.6025
-1.04908e-11
-86.6025
-86.6025
-1.95597e-12
86.6025
86.6025
1.44027e-11
-86.6025
-86.6025
1.86253e-11
86.6025
86.6025
-6.17853e-12
-86.6025
-86.6025
-6.26821e-12
86.6025
86.6025
1.8715e-11
-86.6025
-86.6025
1.4313e-11
86.6025
86.6025
-1.86629e-12
-86.6025
-86.6025
-1.05805e-11
86.6025
86.6025
2.30272e-11
-86.6025
-86.6025
1.00008e-11
86.6025
86.6025
2.44595e-12
-86.6025
-86.6025
-1.48927e-11
86.6025
86.6025
-1.81353e-11
-86.6025
-86.6025
5.68855e-12
86.6025
86.6025
6.75819e-12
-86.6025
-86.6025
-1.92049e-11
86.6025
86.6025
-1.38231e-11
-86.6025
-86.6025
1.37631e-12
86.6025
86.6025
1.10704e-11
-86.6025
-86.6025
2.19576e-11
86.6025
86.6025
-9.51081e-12
-86.6025
-86.6025
-2.93593e-12
86.6025
86.6025
1.53827e-11
-86.6025
-86.6025
1.76453e-11
86.6025
86.6025
-5.19857e-12
-86.6025
-86.6025
-7.24818e-12
86.6025
86.6025
1.96949e-11
-86.6025
-86.6025
-3.21417e-11
86.6025
86.6025
-8.86326e-13
-86.6025
-86.6025
3.39143e-11
86.6025
86.6025
-2.14676e-11
-86.6025
-86.6025
-3.64539e-11
86.6025
86.6025
3.42592e-12
-86.6025
-86.6025
2.96021e-11
86.6025
86.6025
-1.71553e-11
-86.6025
-86.6025
-4.07661e-11
86.6025
86.6025
7.73816e-12
-86.6025
-86.6025
2.52898e-11
86.6025
86.6025
-1.28431e-11
-86.6025
-86.6025
-4.50784e-11
86.6025
86.6025
1.20504e-11
-86.6025
-86.6025
2.09776e-11
86.6025
86.6025
-8.53085e-12
-86.6025
-86.6025
-4.93906e-11
86.6025
86.6025
-2.91121e-11
-86.6025
-86.6025
6.21401e-11
86.6025
86.6025
-4.2186e-12
-86.6025
-86.6025
-8.22814e-12
86.6025
86.6025
-2.47998e-11
-86.6025
-86.6025
5.78278e-11
86.6025
86.6025
9.36389e-14
-86.6025
-86.6025
-1.25404e-11
86.6025
86.6025
-2.04876e-11
-86.6025
-86.6025
5.35156e-11
86.6025
86.6025
4.40588e-12
-86.6025
-86.6025
-1.68526e-11
86.6025
86.6025
-1.61754e-11
-86.6025
-86.6025
4.92034e-11
86.6025
86.6025
8.71812e-12
-86.6025
-86.6025
-2.11649e-11
86.6025
86.6025
-1.18631e-11
-86.6025
-86.6025
4.48911e-11
86.6025
86.6025
-3.24444e-11
-86.6025
-86.6025
-2.54771e-11
86.6025
86.6025
-7.55088e-12
-86.6025
-86.6025
4.05789e-11
86.6025
86.6025
-2.81321e-11
-86.6025
-86.6025
-2.97894e-11
86.6025
86.6025
-3.23864e-12
-86.6025
-86.6025
3.62666e-11
86.6025
86.6025
-2.38199e-11
-86.6025
-86.6025
-3.41016e-11
86.6025
86.6025
1.0736e-12
-86.6025
-86.6025
3.19544e-11
86.6025
86.6025
-1.95076e-11
-86.6025
-86.6025
-3.84138e-11
86.6025
86.6025
5.38585e-12
-86.6025
-86.6025
2.76421e-11
86.6025
86.6025
-1.51954e-11
-86.6025
-86.6025
2.74866e-12
86.6025
86.6025
-3.57766e-11
-86.6025
-86.6025
6.88046e-11
86.6025
86.6025
-1.08832e-11
-86.6025
-86.6025
-1.56359e-12
86.6025
86.6025
-3.14644e-11
-86.6025
-86.6025
6.44924e-11
86.6025
86.6025
-6.57092e-12
-86.6025
-86.6025
-5.87583e-12
86.6025
86.6025
-2.71522e-11
-86.6025
-86.6025
6.01802e-11
86.6025
86.6025
-2.25867e-12
-86.6025
-86.6025
-1.01881e-11
86.6025
86.6025
-2.28399e-11
-86.6025
-86.6025
5.58679e-11
86.6025
86.6025
2.05357e-12
-86.6025
-86.6025
-1.45003e-11
86.6025
86.6025
-1.85277e-11
-86.6025
-86.6025
5.15557e-11
86.6025
86.6025
-3.91089e-11
-86.6025
-86.6025
-1.88126e-11
86.6025
86.6025
-1.42154e-11
-86.6025
-86.6025
4.72434e-11
86.6025
86.6025
-3.47967e-11
-86.6025
-86.6025
-2.31248e-11
86.6025
86.6025
-9.90319e-12
-86.6025
-86.6025
4.29312e-11
86.6025
86.6025
-3.04844e-11
-86.6025
-86.6025
-2.7437e-11
86.6025
86.6025
-5.59095e-12
-86.6025
-86.6025
3.86189e-11
86.6025
86.6025
-2.61722e-11
-86.6025
-86.6025
-3.17493e-11
86.6025
86.6025
4.4196e-11
-86.6025
-86.6025
-1.1168e-11
86.6025
86.6025
-2.186e-11
-86.6025
-86.6025
9.41321e-12
86.6025
86.6025
4.85083e-11
-86.6025
-86.6025
-1.54803e-11
86.6025
86.6025
-1.75477e-11
-86.6025
-86.6025
5.10097e-12
86.6025
86.6025
5.28205e-11
-86.6025
-86.6025
-1.97925e-11
86.6025
86.6025
-1.32355e-11
-86.6025
-86.6025
7.88726e-13
86.6025
86.6025
5.71328e-11
-86.6025
-86.6025
-2.41048e-11
86.6025
86.6025
-8.92323e-12
-86.6025
-86.6025
-3.52352e-12
86.6025
86.6025
6.1445e-11
-86.6025
-86.6025
-2.8417e-11
86.6025
86.6025
-5.00857e-11
-86.6025
-86.6025
-7.83576e-12
86.6025
86.6025
2.02825e-11
-86.6025
-86.6025
1.27455e-11
86.6025
86.6025
-4.57735e-11
-86.6025
-86.6025
-1.2148e-11
86.6025
86.6025
2.45947e-11
-86.6025
-86.6025
8.43325e-12
86.6025
86.6025
-4.14612e-11
-86.6025
-86.6025
-1.64602e-11
86.6025
86.6025
2.8907e-11
-86.6025
-86.6025
4.121e-12
86.6025
86.6025
-3.7149e-11
-86.6025
-86.6025
-2.07725e-11
86.6025
86.6025
3.32192e-11
-86.6025
-86.6025
-1.91239e-13
86.6025
86.6025
-3.28368e-11
-86.6025
-86.6025
-2.50847e-11
86.6025
86.6025
3.75315e-11
-86.6025
-86.6025
-4.50348e-12
86.6025
86.6025
-2.85245e-11
-86.6025
-86.6025
1.60778e-11
86.6025
86.6025
4.18437e-11
-86.6025
-86.6025
-8.81572e-12
86.6025
86.6025
-2.42123e-11
-86.6025
-86.6025
1.17655e-11
86.6025
86.6025
4.6156e-11
-86.6025
-86.6025
-1.3128e-11
86.6025
86.6025
-1.99e-11
-86.6025
-86.6025
7.45328e-12
86.6025
86.6025
5.04682e-11
-86.6025
-86.6025
-1.74402e-11
86.6025
86.6025
-1.55878e-11
-86.6025
-86.6025
3.14104e-12
86.6025
86.6025
5.47804e-11
-86.6025
-86.6025
2.37223e-11
86.6025
86.6025
-5.67503e-11
-86.6025
-86.6025
-1.1712e-12
86.6025
86.6025
1.36179e-11
-86.6025
-86.6025
1.941e-11
86.6025
86.6025
-5.2438e-11
-86.6025
-86.6025
-5.48345e-12
86.6025
86.6025
1.79302e-11
-86.6025
-86.6025
1.50978e-11
86.6025
86.6025
-4.81258e-11
-86.6025
-86.6025
-9.79569e-12
86.6025
86.6025
2.22424e-11
-86.6025
-86.6025
1.07856e-11
86.6025
86.6025
-4.38135e-11
-86.6025
-86.6025
-1.41079e-11
86.6025
86.6025
2.65547e-11
-86.6025
-86.6025
6.47332e-12
86.6025
86.6025
-3.95013e-11
-86.6025
-86.6025
2.70546e-11
86.6025
86.6025
3.08669e-11
-86.6025
-86.6025
2.16107e-12
86.6025
86.6025
-3.51891e-11
-86.6025
-86.6025
2.27423e-11
86.6025
86.6025
3.51792e-11
-86.6025
-86.6025
-2.15117e-12
86.6025
86.6025
-3.08768e-11
-86.6025
-86.6025
1.84301e-11
86.6025
86.6025
3.94914e-11
-86.6025
-86.6025
-6.46341e-12
86.6025
86.6025
-2.65646e-11
-86.6025
-86.6025
1.41178e-11
86.6025
86.6025
4.38036e-11
-86.6025
-86.6025
-1.07757e-11
86.6025
86.6025
-2.22523e-11
-86.6025
-86.6025
9.80559e-12
86.6025
86.6025
2.64115e-12
-86.6025
-86.6025
3.03868e-11
86.6025
86.6025
2.75346e-11
-86.6025
-86.6025
5.49335e-12
86.6025
86.6025
6.95339e-12
-86.6025
-86.6025
2.60746e-11
86.6025
86.6025
3.18469e-11
-86.6025
-86.6025
1.18111e-12
86.6025
86.6025
1.12656e-11
-86.6025
-86.6025
2.17624e-11
86.6025
86.6025
3.61591e-11
-86.6025
-86.6025
-3.13113e-12
86.6025
86.6025
1.55779e-11
-86.6025
-86.6025
1.74501e-11
86.6025
86.6025
4.04714e-11
-86.6025
-86.6025
-7.44338e-12
86.6025
86.6025
1.98901e-11
-86.6025
-86.6025
1.31379e-11
86.6025
86.6025
-6.91125e-13
-86.6025
-86.6025
3.37191e-11
86.6025
86.6025
2.42024e-11
-86.6025
-86.6025
8.82563e-12
86.6025
86.6025
3.62112e-12
-86.6025
-86.6025
2.94069e-11
86.6025
86.6025
2.85146e-11
-86.6025
-86.6025
4.51339e-12
86.6025
86.6025
7.93336e-12
-86.6025
-86.6025
2.50946e-11
86.6025
86.6025
3.28268e-11
-86.6025
-86.6025
2.01143e-13
86.6025
86.6025
1.22456e-11
-86.6025
-86.6025
2.07824e-11
86.6025
86.6025
3.71391e-11
-86.6025
-86.6025
4.13636e-11
86.6025
86.6025
1.65578e-11
-86.6025
-86.6025
1.64701e-11
86.6025
86.6025
-4.0234e-12
-86.6025
-86.6025
3.70514e-11
86.6025
86.6025
2.08701e-11
-86.6025
-86.6025
1.21579e-11
86.6025
86.6025
2.8884e-13
-86.6025
-86.6025
3.27392e-11
86.6025
86.6025
2.51823e-11
-86.6025
-86.6025
7.84566e-12
86.6025
86.6025
4.60108e-12
-86.6025
-86.6025
2.84269e-11
86.6025
86.6025
2.94946e-11
-86.6025
-86.6025
3.53342e-12
86.6025
86.6025
8.91332e-12
-86.6025
-86.6025
2.41147e-11
86.6025
86.6025
3.38068e-11
-86.6025
-86.6025
4.46959e-11
86.6025
86.6025
1.32256e-11
-86.6025
-86.6025
1.98024e-11
86.6025
86.6025
-7.35568e-12
-86.6025
-86.6025
4.03837e-11
86.6025
86.6025
1.75378e-11
-86.6025
-86.6025
1.54902e-11
86.6025
86.6025
-3.04344e-12
-86.6025
-86.6025
3.60714e-11
86.6025
86.6025
2.18501e-11
-86.6025
-86.6025
1.11779e-11
86.6025
86.6025
1.2688e-12
-86.6025
-86.6025
3.17592e-11
86.6025
86.6025
2.61623e-11
-86.6025
-86.6025
-3.8609e-11
86.6025
86.6025
5.58105e-12
-86.6025
-86.6025
2.74469e-11
86.6025
86.6025
-1.50002e-11
-86.6025
-86.6025
-4.29213e-11
86.6025
86.6025
9.89329e-12
-86.6025
-86.6025
2.31347e-11
86.6025
86.6025
-1.0688e-11
-86.6025
-86.6025
-4.72335e-11
86.6025
86.6025
1.42055e-11
-86.6025
-86.6025
1.88225e-11
86.6025
86.6025
-6.37571e-12
-86.6025
-86.6025
-5.15458e-11
86.6025
86.6025
1.85178e-11
-86.6025
-86.6025
1.45102e-11
86.6025
86.6025
-2.06347e-12
-86.6025
-86.6025
-5.5858e-11
86.6025
86.6025
2.283e-11
-86.6025
-86.6025
1.0198e-11
86.6025
86.6025
2.24877e-12
-86.6025
-86.6025
-6.01702e-11
86.6025
86.6025
-1.83325e-11
-86.6025
-86.6025
5.13605e-11
86.6025
86.6025
6.56101e-12
-86.6025
-86.6025
-1.90078e-11
86.6025
86.6025
-1.40202e-11
-86.6025
-86.6025
4.70482e-11
86.6025
86.6025
1.08733e-11
-86.6025
-86.6025
-2.332e-11
86.6025
86.6025
-9.70799e-12
-86.6025
-86.6025
4.2736e-11
86.6025
86.6025
1.51855e-11
-86.6025
-86.6025
-2.76322e-11
86.6025
86.6025
-5.39575e-12
-86.6025
-86.6025
3.84237e-11
86.6025
86.6025
1.94977e-11
-86.6025
-86.6025
-3.19445e-11
86.6025
86.6025
-1.08351e-12
-86.6025
-86.6025
3.41115e-11
86.6025
86.6025
-2.16648e-11
-86.6025
-86.6025
-3.62567e-11
86.6025
86.6025
3.22873e-12
-86.6025
-86.6025
2.97993e-11
86.6025
86.6025
-1.73525e-11
-86.6025
-86.6025
-4.0569e-11
86.6025
86.6025
7.54098e-12
-86.6025
-86.6025
2.5487e-11
86.6025
86.6025
-1.30403e-11
-86.6025
-86.6025
-4.48812e-11
86.6025
86.6025
1.18532e-11
-86.6025
-86.6025
2.11748e-11
86.6025
86.6025
-8.72803e-12
-86.6025
-86.6025
-4.91935e-11
86.6025
86.6025
1.61655e-11
-86.6025
-86.6025
6.23373e-11
86.6025
86.6025
-4.41578e-12
-86.6025
-86.6025
-8.03096e-12
86.6025
86.6025
-2.4997e-11
-86.6025
-86.6025
-3.29244e-11
86.6025
86.6025
-1.03543e-13
-86.6025
-86.6025
-1.23432e-11
86.6025
86.6025
-2.06848e-11
-86.6025
-86.6025
-3.72367e-11
86.6025
86.6025
4.2087e-12
-86.6025
-86.6025
-1.66554e-11
86.6025
86.6025
-1.63725e-11
-86.6025
-86.6025
-4.15489e-11
86.6025
86.6025
8.52094e-12
-86.6025
-86.6025
-6.64424e-11
86.6025
86.6025
3.34144e-11
-86.6025
-86.6025
-3.8644e-13
86.6025
86.6025
-3.26416e-11
-86.6025
-86.6025
-2.52799e-11
86.6025
86.6025
-7.74806e-12
-86.6025
-86.6025
-5.01734e-11
86.6025
86.6025
1.71454e-11
-86.6025
-86.6025
1.58826e-11
86.6025
86.6025
-4.89106e-11
-86.6025
-86.6025
-9.01092e-12
86.6025
86.6025
-2.40171e-11
-86.6025
-86.6025
-3.39044e-11
86.6025
86.6025
8.76422e-13
-86.6025
-86.6025
-5.87979e-11
86.6025
86.6025
2.57699e-11
-86.6025
-86.6025
7.25808e-12
86.6025
86.6025
-4.02861e-11
-86.6025
-86.6025
-1.76354e-11
86.6025
86.6025
-1.53926e-11
-86.6025
-86.6025
-4.25289e-11
86.6025
86.6025
9.50091e-12
-86.6025
-86.6025
2.35271e-11
86.6025
86.6025
-5.65551e-11
-86.6025
-86.6025
-1.3664e-12
86.6025
86.6025
-3.16616e-11
-86.6025
-86.6025
-2.62599e-11
86.6025
86.6025
-6.7681e-12
-86.6025
-86.6025
-5.11534e-11
86.6025
86.6025
1.81254e-11
-86.6025
-86.6025
1.49026e-11
86.6025
86.6025
-4.79306e-11
-86.6025
-86.6025
-9.99089e-12
86.6025
86.6025
-2.30371e-11
-86.6025
-86.6025
-3.48844e-11
86.6025
86.6025
1.85639e-12
-86.6025
-86.6025
-5.97779e-11
86.6025
86.6025
2.67499e-11
-86.6025
-86.6025
6.27811e-12
86.6025
86.6025
-3.93061e-11
-86.6025
-86.6025
-1.86154e-11
86.6025
86.6025
-1.44126e-11
-86.6025
-86.6025
-4.35089e-11
86.6025
86.6025
1.04809e-11
-86.6025
-86.6025
2.25471e-11
86.6025
86.6025
-5.55751e-11
-86.6025
-86.6025
-2.34637e-12
86.6025
86.6025
-3.06816e-11
-86.6025
-86.6025
-2.72399e-11
86.6025
86.6025
-5.78813e-12
-86.6025
-86.6025
-5.21333e-11
86.6025
86.6025
1.91054e-11
-86.6025
-86.6025
1.39226e-11
86.6025
86.6025
4.39988e-11
-86.6025
-86.6025
-1.09709e-11
86.6025
86.6025
-2.20571e-11
-86.6025
-86.6025
-3.58643e-11
86.6025
86.6025
2.83635e-12
-86.6025
-86.6025
3.01916e-11
86.6025
86.6025
-6.32196e-11
-86.6025
-86.6025
5.29815e-12
86.6025
86.6025
5.26233e-11
-86.6025
-86.6025
-1.95953e-11
86.6025
86.6025
-1.34327e-11
-86.6025
-86.6025
-4.44888e-11
86.6025
86.6025
1.14608e-11
-86.6025
-86.6025
2.15672e-11
86.6025
86.6025
-5.45951e-11
-86.6025
-86.6025
-3.32634e-12
86.6025
86.6025
6.12478e-11
-86.6025
-86.6025
-2.82198e-11
86.6025
86.6025
-4.80817e-12
-86.6025
-86.6025
-5.31133e-11
86.6025
86.6025
2.00853e-11
-86.6025
-86.6025
1.29427e-11
86.6025
86.6025
-4.59707e-11
-86.6025
-86.6025
-1.19508e-11
86.6025
86.6025
6.98723e-11
-86.6025
-86.6025
-3.68443e-11
86.6025
86.6025
3.81632e-12
-86.6025
-86.6025
2.92117e-11
86.6025
86.6025
2.87098e-11
-86.6025
-86.6025
4.31818e-12
86.6025
86.6025
-3.73462e-11
-86.6025
-86.6025
-2.05753e-11
86.6025
86.6025
7.84968e-11
-86.6025
-86.6025
-4.54688e-11
86.6025
86.6025
1.24408e-11
-86.6025
-86.6025
2.05872e-11
86.6025
86.6025
3.73343e-11
-86.6025
-86.6025
-4.3063e-12
86.6025
86.6025
-2.87217e-11
-86.6025
-86.6025
-2.91998e-11
86.6025
86.6025
-3.8282e-12
-86.6025
-86.6025
3.68562e-11
86.6025
86.6025
-6.98842e-11
-86.6025
-86.6025
1.19627e-11
86.6025
86.6025
4.59588e-11
-86.6025
-86.6025
-1.29308e-11
86.6025
86.6025
-2.00972e-11
-86.6025
-86.6025
-3.78243e-11
86.6025
86.6025
4.79628e-12
-86.6025
-86.6025
2.82317e-11
86.6025
86.6025
-6.12597e-11
-86.6025
-86.6025
3.33822e-12
86.6025
86.6025
5.45833e-11
-86.6025
-86.6025
-2.15553e-11
86.6025
86.6025
-1.14727e-11
-86.6025
-86.6025
4.45007e-11
86.6025
86.6025
1.34208e-11
-86.6025
-86.6025
1.96072e-11
86.6025
86.6025
3.83143e-11
-86.6025
-86.6025
-5.28627e-12
86.6025
86.6025
6.32077e-11
-86.6025
-86.6025
-3.01798e-11
86.6025
86.6025
-2.84824e-12
-86.6025
-86.6025
3.58762e-11
86.6025
86.6025
2.20453e-11
-86.6025
-86.6025
1.09827e-11
86.6025
86.6025
4.69387e-11
-86.6025
-86.6025
-1.39107e-11
86.6025
86.6025
7.18322e-11
-86.6025
-86.6025
-3.88042e-11
86.6025
86.6025
5.77625e-12
-86.6025
-86.6025
2.72517e-11
86.6025
86.6025
3.06697e-11
-86.6025
-86.6025
2.35825e-12
86.6025
86.6025
5.55632e-11
-86.6025
-86.6025
-2.25352e-11
86.6025
86.6025
-1.04928e-11
-86.6025
-86.6025
4.35207e-11
86.6025
86.6025
1.44007e-11
-86.6025
-86.6025
1.86273e-11
86.6025
86.6025
3.92942e-11
-86.6025
-86.6025
-6.26623e-12
86.6025
86.6025
6.41877e-11
-86.6025
-86.6025
-3.11597e-11
86.6025
86.6025
-1.86827e-12
-86.6025
-86.6025
3.48963e-11
86.6025
86.6025
2.30252e-11
-86.6025
-86.6025
1.00028e-11
86.6025
86.6025
4.79187e-11
-86.6025
-86.6025
-1.48907e-11
86.6025
86.6025
-1.81373e-11
-86.6025
-86.6025
5.11653e-11
86.6025
86.6025
6.75621e-12
-86.6025
-86.6025
2.62718e-11
86.6025
86.6025
3.16497e-11
-86.6025
-86.6025
1.37829e-12
86.6025
86.6025
5.65432e-11
-86.6025
-86.6025
-2.35152e-11
86.6025
86.6025
-9.51279e-12
-86.6025
-86.6025
4.25408e-11
86.6025
86.6025
1.53807e-11
-86.6025
-86.6025
1.76473e-11
86.6025
86.6025
4.02742e-11
-86.6025
-86.6025
-7.2462e-12
86.6025
86.6025
6.51677e-11
-86.6025
-86.6025
-3.21397e-11
86.6025
86.6025
-8.88307e-13
-86.6025
-86.6025
3.39163e-11
86.6025
86.6025
2.40052e-11
-86.6025
-86.6025
9.02281e-12
86.6025
86.6025
4.88987e-11
-86.6025
-86.6025
-1.58707e-11
86.6025
86.6025
-1.71573e-11
-86.6025
-86.6025
5.01853e-11
86.6025
86.6025
7.73618e-12
-86.6025
-86.6025
2.52918e-11
86.6025
86.6025
3.26297e-11
-86.6025
-86.6025
3.98324e-13
86.6025
86.6025
5.75232e-11
-86.6025
-86.6025
-2.44952e-11
86.6025
86.6025
-8.53283e-12
-86.6025
-86.6025
4.15608e-11
86.6025
86.6025
1.63607e-11
-86.6025
-86.6025
1.66673e-11
86.6025
86.6025
4.12542e-11
-86.6025
-86.6025
-8.22616e-12
86.6025
86.6025
-2.48018e-11
-86.6025
-86.6025
5.78298e-11
86.6025
86.6025
9.16581e-14
-86.6025
-86.6025
3.29363e-11
86.6025
86.6025
2.49851e-11
-86.6025
-86.6025
8.04284e-12
86.6025
86.6025
4.98786e-11
-86.6025
-86.6025
-1.68506e-11
86.6025
86.6025
-1.61773e-11
-86.6025
-86.6025
4.92053e-11
86.6025
86.6025
8.71614e-12
-86.6025
-86.6025
-6.66376e-11
86.6025
86.6025
3.36096e-11
-86.6025
-86.6025
-5.81641e-13
86.6025
86.6025
5.85031e-11
-86.6025
-86.6025
-2.54751e-11
86.6025
86.6025
-7.55286e-12
-86.6025
-86.6025
4.05809e-11
86.6025
86.6025
1.73406e-11
-86.6025
-86.6025
-7.52621e-11
86.6025
86.6025
4.22341e-11
-86.6025
-86.6025
-9.20613e-12
86.6025
86.6025
-2.38219e-11
-86.6025
-86.6025
-3.40996e-11
86.6025
86.6025
1.07162e-12
-86.6025
-86.6025
3.19564e-11
86.6025
86.6025
2.59651e-11
-86.6025
-86.6025
-8.38866e-11
86.6025
86.6025
5.08586e-11
-86.6025
-86.6025
-1.78306e-11
86.6025
86.6025
-1.51974e-11
-86.6025
-86.6025
-4.27241e-11
86.6025
86.6025
9.69611e-12
-86.6025
-86.6025
2.33319e-11
86.6025
86.6025
3.45896e-11
-86.6025
-86.6025
-1.56161e-12
86.6025
86.6025
-3.14664e-11
-86.6025
-86.6025
-2.64551e-11
86.6025
86.6025
-6.5729e-12
-86.6025
-86.6025
-5.13486e-11
86.6025
86.6025
1.83206e-11
-86.6025
-86.6025
-7.62421e-11
86.6025
86.6025
4.32141e-11
-86.6025
-86.6025
-1.01861e-11
86.6025
86.6025
-2.28419e-11
-86.6025
-86.6025
-3.50796e-11
86.6025
86.6025
2.05159e-12
-86.6025
-86.6025
-5.99731e-11
86.6025
86.6025
2.69451e-11
-86.6025
-86.6025
-8.48666e-11
86.6025
86.6025
-3.91109e-11
-86.6025
-86.6025
-1.88106e-11
86.6025
86.6025
-1.42174e-11
-86.6025
-86.6025
-4.37041e-11
86.6025
86.6025
1.06761e-11
-86.6025
-86.6025
-6.85976e-11
86.6025
86.6025
3.55696e-11
-86.6025
-86.6025
-2.54157e-12
86.6025
86.6025
-3.04864e-11
-86.6025
-86.6025
-2.74351e-11
86.6025
86.6025
-5.59293e-12
-86.6025
-86.6025
-5.23285e-11
86.6025
86.6025
1.93006e-11
-86.6025
-86.6025
-7.7222e-11
86.6025
86.6025
4.4194e-11
-86.6025
-86.6025
-1.11661e-11
86.6025
86.6025
-2.18619e-11
-86.6025
-86.6025
-3.60595e-11
86.6025
86.6025
3.03155e-12
-86.6025
-86.6025
-6.0953e-11
86.6025
86.6025
2.7925e-11
-86.6025
-86.6025
5.10295e-12
86.6025
86.6025
-3.81309e-11
-86.6025
-86.6025
-1.97905e-11
86.6025
86.6025
-1.32375e-11
-86.6025
-86.6025
-4.4684e-11
86.6025
86.6025
1.1656e-11
-86.6025
-86.6025
-6.95775e-11
86.6025
86.6025
3.65495e-11
-86.6025
-86.6025
-3.52154e-12
86.6025
86.6025
-2.95065e-11
-86.6025
-86.6025
-2.8415e-11
86.6025
86.6025
-4.61297e-12
-86.6025
-86.6025
-5.33085e-11
86.6025
86.6025
2.02805e-11
-86.6025
-86.6025
1.27475e-11
86.6025
86.6025
-4.57755e-11
-86.6025
-86.6025
-1.2146e-11
86.6025
86.6025
-2.0882e-11
-86.6025
-86.6025
-3.70395e-11
86.6025
86.6025
4.01152e-12
-86.6025
-86.6025
-6.1933e-11
86.6025
86.6025
2.8905e-11
-86.6025
-86.6025
4.12298e-12
86.6025
86.6025
-3.7151e-11
-86.6025
-86.6025
-2.07705e-11
86.6025
86.6025
-1.22575e-11
-86.6025
-86.6025
-4.5664e-11
86.6025
86.6025
1.2636e-11
-86.6025
-86.6025
-7.05575e-11
86.6025
86.6025
3.75295e-11
-86.6025
-86.6025
-4.5015e-12
86.6025
86.6025
-2.85265e-11
-86.6025
-86.6025
-2.9395e-11
86.6025
86.6025
-3.633e-12
-86.6025
-86.6025
-5.42885e-11
86.6025
86.6025
2.12605e-11
-86.6025
-86.6025
1.17675e-11
86.6025
86.6025
-4.47955e-11
-86.6025
-86.6025
-1.3126e-11
86.6025
86.6025
-1.9902e-11
-86.6025
-86.6025
-3.80195e-11
86.6025
86.6025
4.99148e-12
-86.6025
-86.6025
-6.2913e-11
86.6025
86.6025
2.9885e-11
-86.6025
-86.6025