85.275000
-72.892521
10.579988
72.869035
-115.159746
84.005350
-15.891571
-30.765181
45.274864
-58.019960
74.100013
-57.171838
-5.894916
63.576996
-60.027128
16.124766
-3.108001
36.210324
-47.031553
-12.546397
84.003127
-72.854037
-12.682386
59.503435
-2.987925
-75.955967
55.925458
55.770938
-125.071429
65.230462
52.592485
-95.245664
31.290337
50.410194
-65.318309
19.183055
35.048702
-69.907572
81.054188
-52.536910
-23.715599
104.330409
-120.625031
60.050143
15.156579
-47.896548
50.723668
-62.628022
72.890765
-37.712265
-35.317741
76.191899
-46.740636
0.025317
-5.060799
42.301677
-31.241818
-42.241878
89.900680
-42.236213
-43.562569
53.400406
24.761240
-77.782801
20.031315
86.166366
-108.690136
16.607429
83.404319
-83.997659
0.476891
67.052949
-58.212525
-0.401388
53.949869
-76.528145
63.229769
-10.145240
-66.485251
115.020942
-91.120245
13.803218
51.211878
-67.869153
60.376329
-57.995111
44.334455
6.946152
-68.659768
80.063429
-33.051908
-7.931942
-4.276080
28.448762
2.759741
-71.283240
85.123603
-11.322006
-61.924045
39.278148
43.689124
-61.272258
-27.880698
115.132614
-82.930843
-37.952847
108.181800
-57.309871
-39.831582
72.293564
-22.980368
-41.800711
70.387550
-62.444909
26.624617
37.773723
-104.437708
115.562041
-48.186559
-42.687522
83.639163
-68.907198
48.598713
-41.980756
14.377306
47.471390
-89.591626
60.970934
3.170288
-23.286399
-8.973885
18.130726
36.013571
-85.477894
48.032965
43.034676
-72.083600
2.723427
63.546266
-24.980433
-75.297168
102.509744
-10.955411
-94.669116
95.234394
-2.080558
-72.452584
57.730473
11.039769
-61.496480
64.387731
-30.816535
-25.383826
85.132278
-107.197644
59.356740
31.185193
-93.294162
89.474799
-51.097332
22.355789
0.324744
-42.251647
85.700016
-79.579703
18.556328
33.814424
-27.955621
-0.406647
-15.251405
65.099232
-67.961358
-6.170124
75.666940
-52.249255
-29.260326
49.708619
28.426214
-100.231667
56.908503
62.972048
-118.916133
49.170670
56.564277
-78.900054
10.395951
60.145837
-68.166081
26.746135
25.876725
-72.777099
97.764794
-69.349550
-15.350216
97.171965
-109.081079
55.967280
-1.885464
-19.509215
36.529978
-69.686346
80.588700
-30.813750
-41.139039
59.204272
-18.948066
-3.415527
-31.911174
61.138835
-12.700125
-71.543743
81.782181
0.003122
-62.090274
16.286166
72.069599
-69.800237
-37.472220
120.032876
-75.452033
-40.564847
94.139763
-40.835128
-40.945585
65.351863
-28.227547
-25.387292
66.482207
-82.766309
53.816810
24.791319
-104.316750
117.030935
-55.497255
-17.470208
49.728403
-55.401702
67.463540
-70.624800
27.113908
45.453658
-77.717979
43.197206
-0.912661
10.370906
-40.772061
17.404216
56.301036
-88.047750
27.198603
51.016357
-41.955139
-38.983346
70.384563
7.500510
-103.573490
93.098945
17.200483
-98.650893
65.007545
30.141478
-76.013093
37.121691
31.863646
-71.684358
69.379986
-32.751264
-31.771408
96.738375
-109.929442
49.116307
37.828039
-81.525297
70.401470
-47.585175
34.753503
-5.309551
-51.862524
88.617497
-58.726093
-4.609206
26.181753
2.103445
-8.634891
-43.110826
85.281167
-40.667818
-50.780700
72.964239
1.017763
-60.462179
9.893544
89.278582
-96.577037
-13.420738
112.346537
-86.876917
-20.153605
78.967149
-38.173462
-36.500372
68.088036
-48.169664
4.348011
50.029381
-98.819953
99.148375
-26.749611
-70.058569
110.670245
-77.168130
26.562405
-2.206079
-18.189900
61.027536
-90.324692
55.132072
19.436653
-51.981159
20.158437
5.478152
28.337393
-68.391147
32.543030
55.205949
-83.312199
12.368252
58.151731
-25.784469
-65.498085
81.138991
16.201286
-110.680127
86.324623
24.158086
-90.503920
50.483299
32.542113
-68.423383
38.987673
16.384396
-63.463756
84.653952
-59.511257
-16.209428
96.669953
-115.174202
59.563717
12.695468
-48.494175
56.488407
-67.300871
68.569296
-25.381998
-45.762083
77.943022
-44.546660
2.490993
-10.223237
37.889757
-12.731204
-60.003223
88.059133
-24.138267
-52.631081
39.159341
41.931956
-65.962843
-18.741087
110.187729
-85.997847
-31.293348
103.484119
-54.978417
-42.398617
75.127232
-22.962727
-46.046320
74.861368
-60.526020
16.286884
49.530720
-105.943113
101.311056
-25.314939
-60.564174
88.956147
-63.853349
36.522257
-21.427600
-12.999643
68.015708
-87.486090
38.752389
24.428084
-30.714849
-2.981242
-2.059105
57.285593
-76.727635
7.100406
75.228416
-62.139284
-25.219037
56.413098
21.779590
-100.959044
59.150044
65.512400
-122.337729
47.996049
58.997305
-76.966504
7.147665
57.465465
-59.921661
19.326510
30.860378
-77.625157
97.917182
-55.754953
-39.388603
112.996235
-104.163256
39.471326
10.471725
-27.505985
48.604569
-79.905479
71.996524
-4.615476
-59.408013
53.700261
-7.255704
1.797120
-43.210759
48.159825
22.569933
-87.404559
54.724710
35.416758
-57.726516
-18.820668
79.861782
-25.395933
-84.874146
108.806668
-12.893411
-87.114281
80.711033
6.851427
-68.252408
50.183894
10.591338
-59.103822
73.628069
-48.804769
-16.457921
91.704457
-115.719107
60.196425
27.179288
-75.454829
71.989777
-56.607989
45.588279
-11.197916
-51.838400
90.121934
-59.982934
-0.312762
17.911886
8.148913
-6.881979
-48.295993
84.899659
-35.088965
-50.918375
62.676309
11.420568
-58.297122
-1.371595
93.138984
-85.553425
-26.843437
110.995363
-69.901717
-37.060594
81.690824
-26.990173
-50.754997
74.191659
-40.260929
-15.017934
67.698233
-97.056416
71.784704
10.649747
-92.097099
105.574616
-53.958020
-0.986719
25.421586
-43.788487
72.001256
-72.790628
16.425086
51.575673
-60.534365
18.355308
-1.980187
36.293869
-49.478984
-12.903790
86.391269
-69.296005
-21.084039
59.240260
8.903345
-79.124461
33.935480
83.589975
-121.545552
26.753485
84.685383
-85.397684
-5.246983
68.838441
-45.619755
-19.038204
63.242989
-72.718322
50.409162
10.817866
-90.569984
123.567804
-69.141372
-25.265851
76.562685
-68.016941
49.797784
-44.800844
16.929026
47.653034
-89.571484
55.838638
10.502780
-25.302901
-10.070701
11.723343
48.047135
-83.623883
23.690034
66.140835
-65.914005
-20.713927
62.653010
9.729568
-97.262739
68.686662
52.628706
-118.364931
54.115672
52.336904
-78.595295
16.032849
50.167258
-60.880717
26.270861
25.334858
-76.701427
97.685588
-52.239845
-43.788748
113.216893
-100.329351
36.238206
12.057641
-31.721810
56.386012
-84.074823
66.424142
5.448801
-63.314111
50.660713
-7.235547
8.877820
-46.970758
38.897949
36.316411
-87.943974
40.997320
43.690952
-47.273492
-33.891505
75.819190
-2.998628
-98.167971
93.945115
15.094525
-97.179626
63.079091
31.575118
-75.091155
34.917350
33.044418
-71.119282
65.056333
-20.329649
-50.014023
105.697825
-95.050092
16.564166
64.691695
-88.553756
64.616734
-37.953007
15.479676
27.846927
-79.582723
84.671935
-28.083309
-27.680702
25.983831
0.298394
17.532968
-67.506620
64.610714
14.786733
-77.999110
42.031349
37.898317
-39.125835
-48.416451
97.807466
-22.899774
-93.605182
107.682748
-6.210066
-82.181998
59.835194
28.323713
-75.760745
46.482373
15.290366
-64.355943
85.736138
-65.582367
-5.318023
89.276720
-115.233070
60.559778
16.478036
-52.630160
53.850163
-58.011913
56.736334
-12.532989
-57.047992
80.380164
-35.149274
-10.130849
-2.368757
28.084327
7.640273
-77.890558
79.130186
8.207544
-71.999270
26.022048
55.554652
-39.620260
-66.882762
116.574252
-28.940529
-93.041131
102.987069
-3.529089
-73.546007
47.766834
28.753855
-69.115593
54.257717
-11.569860
-44.154302
97.625683
-102.960075
30.428817
70.141548
-110.909583
72.823709
-19.195516
-4.361078
24.097920
-65.305143
85.248374
-36.582777
-39.510461
57.314137
-13.943942
-5.290691
-35.293136
58.148423
3.602708
-84.161831
69.920322
24.533259
-64.618065
-7.578301
80.573956
-33.010008
-84.865720
116.424396
-16.612059
-90.056148
82.355637
8.623711
-65.691726
40.312039
19.553136
-60.018261
68.722190
-41.100025
-28.983065
106.016617
-118.394571
43.715884
49.772221
-84.856542
66.777263
-49.227552
38.413115
4.391137
-70.893762
90.849370
-35.982250
-24.110835
19.454420
14.158069
5.161497
-65.879720
69.574369
12.947145
-79.070291
38.325842
47.097879
-46.411537
-45.818111
94.780015
-17.960705
-93.773092
99.937940
1.875226
-83.863685
60.406714
20.893509
-65.714254
44.639117
9.099576
-60.447795
85.704237
-58.221939
-23.839610
104.105730
-111.894782
45.773365
25.968818
-55.356717
61.624618
-70.866527
58.844600
1.521887
-69.624822
76.300600
-25.850557
-4.945172
-16.840696
28.835116
22.831300
-83.325315
61.109517
26.304555
-62.558216
0.163149
62.418162
-20.415034
-79.344791
97.422360
2.164967
-98.882276
77.700152
24.686910
-81.415041
38.797352
39.950002
-74.271697
48.414788
8.515374
-66.836994
95.940592
-64.106654
-21.224510
95.750900
-99.525440
45.158157
7.997260
-35.118213
57.955732
-79.111139
60.896330
6.230566
-63.253771
55.775595
-15.562538
12.609570
-42.211302
29.437116
43.745216
-89.808180
39.696322
41.966603
-39.957984
-39.392027
68.239927
16.402677
-111.009796
84.917833
35.863096
-102.774208
43.394122
54.795472
-73.430991
6.719920
62.267748
-76.940701
44.303291
12.640644
-75.174942
105.629175
-65.011263
-26.720502
92.407177
-84.964703
38.036754
-4.035024
-18.980084
55.982038
-83.350352
52.843348
19.393737
-56.199832
29.785709
-4.860947
32.696615
-60.482186
13.087339
72.127007
-82.151207
-0.011573
55.131377
-0.301951
-79.087373
48.451020
72.575167
-127.003429
39.692329
78.332841
-85.125273
-8.000381
73.810306
-44.591957
-28.027662
71.930177
-72.607986
40.872458
23.437284
-96.790950
115.547704
-48.026336
-47.057380
85.738592
-62.235038
34.260056
-21.432042
-12.274838
68.576141
-83.760819
26.238202
37.338111
-33.877717
-3.016083
-10.759310
64.317041
-58.150354
-31.397044
92.606160
-39.135941
-48.955163
36.002732
61.237980
-88.985394
-15.784898
124.066682
-94.185363
-31.671950
94.208334
-34.289204
-51.285542
61.628914
-7.397366
-46.713623
74.285795
-74.598849
29.544771
59.680610
-126.429740
100.357193
-6.284885
-61.632890
63.893258
-48.532094
49.912311
-30.529413
-35.272431
86.913760
-57.501009
-13.200992
30.030058
9.510963
-12.568329
-50.088349
81.507850
-9.916277
-80.637490
63.758119
32.762909
-58.751290
-31.492089
102.058119
-33.965519
-95.282234
119.018844
-13.499051
-81.363489
61.503560
21.090563
-60.449967
33.111384
16.215472
-59.369329
87.149331
-67.952031
-17.611708
112.186854
-125.070779
48.834755
30.048885
-52.037230
50.271851
-65.008628
61.999316
0.622883
-73.889452
72.130508
-7.305442
-22.051018
-14.735535
31.139912
29.750326
-86.839863
40.393941
59.566054
-73.280171
-16.344716
69.097624
2.868791
-96.690374
66.868690
59.775744
-120.988953
45.928341
60.284384
-74.387497
6.597327
49.394108
-47.945434
10.609093
39.082564
-85.896861
89.227509
-15.728361
-89.354567
129.566713
-75.127462
-2.367668
36.339909
-46.325787
71.312001
-80.994353
25.984497
56.521550
-75.133493
21.429911
12.771301
19.455934
-43.387758
-11.732388
82.480385
-58.293403
-38.847288
72.246770
4.831236
-71.519704
18.424758
83.804380
-84.063852
-28.976932
111.021449
-64.324584
-40.657102
78.444351
-27.685804
-36.360512
55.676640
-30.847489
-21.026988
79.284181
-97.488824
35.985875
69.007177
-123.807721
87.453266
-16.797220
-23.339105
42.633117
-74.248000
90.513508
-41.693663
-42.542967
72.876867
-30.161980
-3.525986
-24.304645
49.987477
0.154945
-75.830958
66.617204
22.877427
-65.695624
0.463666
70.418877
-31.022551
-71.465559
90.950449
7.157591
-98.034419
71.945551
27.294447
-79.257323
41.703773
26.788591
-60.996156
44.841616
9.042529
-73.372782
97.988603
-43.938320
-56.197195
115.266055
-90.280493
26.858506
16.422861
-42.907036
77.508913
-93.696551
46.768598
35.675431
-70.211914
35.679837
-5.301934
29.335825
-51.827944
3.595643
71.554254
-69.164637
-12.674896
57.204961
-0.231411
-68.455139
35.511130
64.245154
-92.760915
5.308439
87.408390
-72.571664
-21.806951
80.472598
-49.096851
-23.995314
67.402533
-53.496946
-4.786688
71.325479
-94.333555
41.811747
51.971303
-107.756449
87.069995
-28.480606
-17.071761
48.772117
-82.315564
91.844444
-41.943800
-37.101296
69.773391
-39.746347
13.482100
-33.764579
48.911029
0.762749
-71.687542
68.498238
7.856630
-48.703666
-4.120405
66.275294
-32.440519
-64.107601
92.579821
-9.079661
-81.556708
68.552650
24.323603
-83.286904
49.461636
29.988638
-76.298223
56.571489
9.130779
-73.865119
87.676742
-31.387151
-55.229238
101.890292
-79.127320
21.989267
25.787783
-59.983147
87.291412
-83.853209
27.293638
46.509251
-72.044738
42.888624
-20.208506
35.762439
-40.068890
-13.138166
76.050901
-65.219233
-7.908653
40.951901
10.939507
-62.707437
21.564608
71.094475
-90.694027
4.312188
80.715331
-60.260744
-34.255574
86.307905
-40.857779
-45.619414
86.354092
-51.920569
-22.578854
79.516505
-76.859263
13.718833
63.487341
-95.728310
65.630792
-7.081121
-42.059569
74.062923
-88.352739
66.563709
-2.583049
-62.071113
75.326675
-43.967264
23.556892
-32.405735
23.424270
32.663488
-82.197545
57.908071
12.610986
-34.073464
-18.198912
55.091768
-2.248158
-83.100995
84.472459
9.487045
-83.135782
46.374889
49.913208
-85.383652
20.301948
69.535733
-92.777552
35.766480
44.436967
-84.339311
59.129236
9.923199
-72.642583
85.327141
-44.477447
-16.219465
63.232987
-85.414611
78.891879
-36.205203
-30.962426
79.413134
-75.496805
40.062634
-20.368289
20.197493
2.185936
-56.235539
84.988221
-43.639986
-21.686262
27.938066
23.157976
-40.029703
-24.926394
94.840415
-68.845254
-32.215391
84.712924
-24.976204
-67.204987
73.889181
14.102081
-95.978824
87.070347
-4.558926
-70.777754
81.690618
-31.766698
-36.213258
76.450795
-65.752906
14.186060
45.389733
-82.687737
84.829907
-51.408233
-8.393275
67.688124
-90.341285
66.231664
-27.141123
7.133580
3.148587
-34.574843
76.559789
-76.719894
19.566082
33.761822
-22.396227
-22.386750
15.224563
55.472867
-97.014639
38.330235
60.598300
-78.858980
-4.197000
78.268590
-44.813030
-59.020453
112.601982
-59.013484
-40.864965
92.047052
-63.417749
-4.836627
57.780653
-67.080282
33.614722
22.859794
-72.619344
88.797972
-61.406280
2.182628
60.652735
-94.674312
83.175943
-41.091262
2.371109
17.383045
-35.229804
64.962137
-81.439608
49.563145
13.860152
-45.025171
17.413635
12.931760
17.155126
-78.443609
77.938681
8.219656
-85.242489
58.227967
36.418226
-72.020559
-3.841371
100.899941
-101.501116
3.168725
89.433993
-92.878280
24.350192
43.036881
-63.044952
38.576113
8.312469
-56.751005
83.652582
-67.703769
9.351192
60.698414
-101.498239
92.653475
-47.586007
-1.179667
31.499837
-47.859250
64.955393
-76.900068
57.563610
-1.947006
-48.629264
48.770262
-13.107381
4.838004
-46.772148
77.358682
-30.441557
-60.696866
90.381023
-19.950217
-59.475924
39.511757
60.910458
-114.906363
48.180044
70.013218
-116.677356
58.417353
29.516438
-65.823890
41.099234
5.981701
-46.284913
69.640931
-62.578126
13.151586
60.422903
-110.420989
101.796939
-45.988672
-14.422309
49.213907
-61.686463
69.229088
-72.475098
52.576756
-1.624340
-52.548006
67.539065
-37.934967
9.623905
-23.737268
55.419991
-39.358854
-35.984476
93.987208
-61.225928
-26.496157
56.648131
14.952402
-97.509424
76.016391
40.088387
-125.739970
93.186976
10.394737
-74.101467
53.006081
6.700537
-47.385647
56.932543
-44.562379
5.933818
58.361479
-112.099091
107.325831
-40.745793
-37.110337
76.550065
-76.323151
66.953077
-61.035322
39.875081
10.058872
-64.890161
82.348390
-51.809276
11.892656
-6.834365
29.750219
-27.644800
-27.047208
86.755474
-78.042226
0.713800
55.933265
-19.754782
-63.840170
78.766706
13.997596
-118.142093
115.997618
-11.306005
-80.608686
74.022392
-0.057162
-54.909594
54.156719
-22.848926
-14.722232
59.952859
-101.391467
98.170241
-29.631534
-61.718545
108.282346
-91.969715
54.319926
-32.580667
14.884822
26.301439
-78.200868
94.138204
-55.217907
0.956342
16.258802
4.085050
-11.204842
-28.317225
79.668941
-76.604623
7.903888
55.805091
-41.070195
-32.412605
65.192627
0.955479
-101.343684
118.077585
-23.279466
-83.811082
94.446934
-13.654236
-60.728051
60.515140
-8.274724
-40.389298
67.600454
-81.291860
68.126631
-5.796466
-82.354104
129.319092
-98.988110
30.744008
13.347567
-25.202251
43.448280
-79.465470
91.332672
-46.170878
-22.210990
49.245996
-23.117823
-0.576499
-24.178469
68.485099
-64.298875
-3.047472
66.579329
-55.440606
-14.602340
53.197663
-3.200006
-83.797832
101.664018
-16.038612
-88.950719
104.674227
-21.783653
-64.735553
69.188753
-3.322774
-59.199872
75.130279
-57.025918
23.193846
30.556069
-95.484081
124.940511
-81.298030
-5.980307
65.640176
-68.743378
53.995403
-58.898798
61.101763
-19.100956
-50.305112
80.362850
-44.561848
-2.056914
-3.406013
43.374418
-43.469911
-20.771883
81.703823
-64.084808
-13.621687
56.425616
-10.219739
-68.226187
77.340498
6.705579
-98.512440
99.976621
-10.580656
-75.198640
74.594931
-0.462429
-67.232304
73.521315
-30.668309
-21.877194
65.405813
-94.597159
89.493402
-31.440395
-54.202130
105.335444
-89.642378
41.859858
-13.721293
5.148120
22.397748
-71.090004
88.465941
-42.241939
-21.420137
32.375869
5.833325
-18.657143
-31.411766
83.468471
-57.793029
-28.769806
74.700960
-24.513111
-55.093841
57.355493
29.162499
-104.707632
78.960405
23.682163
-96.848981
72.956185
12.214539
-71.841945
60.342918
-2.244095
-52.836525
78.052595
-70.464878
30.421326
35.745114
-97.369391
110.591009
-62.860921
-6.320217
46.460893
-51.488864
54.051860
-66.519642
57.409443
-3.824191
-57.285157
65.982467
-22.725323
-5.214056
-23.277793
59.034544
-28.452970
-54.385233
92.271842
-33.292063
-50.360289
49.904178
36.243270
-95.447391
43.454749
68.689718
-118.190557
56.770518
42.981349
-82.184188
40.217550
27.155154
-63.745195
57.588451
-21.972477
-31.145755
84.515019
-105.009586
67.171192
11.562331
-77.553633
92.286605
-67.664986
40.865465
-23.456171
-5.493022
53.958737
-87.893592
69.048520
-12.860469
-20.802580
4.142032
17.620306
12.131554
-73.741684
85.545970
-15.189345
-62.240051
52.671296
29.466845
-70.479736
3.165483
100.129133
-114.011640
16.183504
87.343686
-93.102902
14.109255
55.904009
-58.294122
13.534941
33.763033
-66.503133
80.424676
-57.205991
-12.610225
92.714516
-122.436783
82.367722
-15.864682
-25.852706
40.515948
-58.124700
81.711523
-76.058267
22.645669
40.376658
-57.691188
27.815260
-6.568834
31.135782
-64.780357
43.106575
32.624735
-82.825050
47.020905
30.449815
-47.287309
-25.714508
98.309220
-68.931414
-44.566626
120.577386
-79.102085
-26.437741
80.911606
-41.588969
-32.368028
68.891867
-56.771448
22.329958
23.680162
-79.778898
115.782322
-88.337737
2.603389
76.348266
-94.195761
66.846213
-45.156594
38.548096
-10.847378
-48.473852
90.442585
-68.700970
9.746787
16.372738
9.313418
-28.305364
-11.200574
74.393087
-79.375409
8.846786
57.197943
-38.966782
-38.062133
69.538137
-2.488949
-93.639106
106.907506
-16.908345
-80.970900
87.392119
-8.028993
-65.966442
66.926278
-10.856448
-46.338702
75.606414
-78.243215
50.582908
14.391246
-90.398560
120.704733
-79.017449
6.578414
36.273128
-42.148658
50.020672
-72.116506
68.381742
-12.152364
-53.019619
61.493271
-17.623703
-6.015473
-28.000191
63.439197
-28.519063
-54.211455
86.348936
-24.950879
-52.248858
43.519380
42.582328
-94.131757
36.955961
71.676892
-112.904215
46.308167
51.446239
-82.583521
31.178993
40.368168
-71.434647
52.960070
-7.367495
-46.112862
90.482864
-97.978081
49.085676
33.254931
-91.944084
91.810696
-54.625582
23.917335
-7.124434
-22.518559
68.395716
-88.096386
49.676638
12.142803
-31.980847
2.749796
11.223918
32.552423
-83.625103
61.181223
26.588304
-78.014030
29.470981
52.331477
-51.659744
-42.231763
114.894674
-70.811252
-46.363800
110.143749
-63.125045
-28.948286
70.189291
-38.571829
-18.858188
58.456440
-70.847051
53.962765
-0.220420
-74.626940
119.732810
-95.004116
20.543633
43.179709
-63.580985
61.989650
-66.275107
63.479992
-23.588914
-41.660798
77.458922
-54.121969
10.942521
-6.484009
36.878798
-38.127639
-21.529845
84.534711
-71.390212
-8.451454
56.322504
-9.225451
-70.791200
69.529828
30.418521
-119.553875
94.373662
16.186351
-90.156672
59.452789
24.002128
-69.063488
48.593766
0.502838
-45.346720
80.606670
-93.460907
55.179741
31.131450
-106.459853
112.529052
-59.935913
9.206244
10.464163
-27.646667
65.638141
-91.336086
59.820143
9.941970
-47.755757
25.053018
4.708010
17.308002
-66.590449
64.488881
8.539096
-73.893775
52.765260
25.849112
-55.902812
-9.269127
91.711875
-83.155710
-18.923103
105.341799
-85.060402
-11.834904
78.299880
-54.854984
-19.061499
69.743601
-68.507371
33.275541
16.857463
-72.561667
108.484119
-87.730137
10.192372
68.483357
-92.056465
65.993543
-38.720238
28.398468
-4.421936
-48.883433
88.222756
-64.868261
2.073660
26.500803
1.561935
-23.044856
-18.135785
80.056854
-72.792766
-11.287257
73.258201
-35.549873
-48.924709
61.234142
26.111703
-108.889103
82.338516
28.369186
-102.794402
70.349823
19.307684
-70.655003
48.294554
10.052935
-56.793740
74.331957
-59.283049
7.384886
66.224086
-114.610179
96.789222
-26.385742
-39.295695
63.083829
-61.161193
62.959597
-60.066415
22.405421
41.876881
-78.339507
54.244047
-8.558000
3.033295
-34.272573
34.787903
27.303537
-88.712908
67.944581
17.193711
-60.008774
4.072379
73.951067
-59.159938
-47.897042
124.602349
-79.242815
-36.131230
95.063137
-48.554119
-34.481010
67.345663
-37.703976
-12.566276
54.994075
-84.166624
82.870222
-27.876183
-61.488646
119.239411
-101.491035
38.043061
9.724154
-26.454081
45.264163
-77.785713
84.258369
-34.179687
-34.468583
55.064748
-22.241850
0.371018
-30.746522
67.609093
-40.288252
-39.953848
81.902591
-33.322034
-42.130232
41.805357
39.790980
-96.893442
45.377445
66.984276
-115.735169
49.852815
52.104006
-81.774450
22.492698
51.678535
-73.859948
43.721995
5.610917
-55.627768
95.040185
-95.410983
35.490283
53.649929
-104.540961
86.999696
-39.716525
11.598274
2.431151
-36.316951
80.549147
-81.660513
23.461179
34.504226
-32.171836
-4.967900
1.501058
53.102406
-79.512425
20.938603
64.109073
-70.623263
-8.245752
63.690248
-14.283136
-81.505145
97.721028
-3.495987
-97.642880
97.056878
-6.776978
-69.450434
62.710414
0.672902
-54.953842
68.057227
-45.473486
-3.173643
66.068860
-108.992750
91.446816
-15.894742
-61.774379
88.982782
-70.457269
47.017467
-32.437920
1.984286
52.316561
-88.884160
66.238240
-7.814802
-20.314239
-1.244803
16.232860
24.481980
-81.504991
72.055081
9.824901
-69.427611
32.553811
47.829148
-54.257341
-37.094141
116.282898
-78.218379
-41.100668
109.523644
-61.311002
-34.407560
72.170308
-30.480217
-32.332399
66.314374
-68.044531
43.345113
14.138401
-88.355331
124.212134
-82.442843
-4.063235
63.266121
-68.849825
57.890222
-60.094843
50.134437
2.780047
-67.742688
80.202343
-32.916309
-7.368081
-7.798150
37.779148
-12.230711
-59.086984
87.804634
-28.123068
-50.152966
47.353911
30.884358
-74.706144
13.082892
88.876768
-108.435335
18.370104
81.157522
-85.985855
5.026361
66.498764
-63.432383
6.019124
50.189103
-76.986119
72.141830
-31.384472
-41.244340
106.026192
-109.972336
48.027769
24.302191
-55.726664
54.856238
-58.417670
63.780910
-33.389727
-33.209252
76.758418
-54.013644
4.383096
1.280474
34.982619
-37.327192
-28.579101
90.613393
-62.775543
-27.206335
63.357659
2.118427
-76.900692
48.636600
61.766446
-122.465334
59.023511
54.951452
-95.657457
35.795875
43.814977
-65.269778
28.453686
23.516777
-64.147368
83.512343
-62.767421
-7.613026
90.171914
-120.403577
77.103599
-7.383541
-33.835561
46.258366
-62.022646
79.541986
-60.028497
-4.894581
61.482562
-57.878396
16.953094
-6.254808
39.644704
-53.072154
-1.556961
74.823586
-76.016646
-0.080632
54.566864
-12.689758
-70.016845
74.446750
23.686758
-114.876604
91.613366
18.037290
-89.714275
55.040397
30.616076
-73.064115
46.051114
9.542832
-56.102051
84.545164
-82.561798
29.812186
57.833717
-116.526417
98.952983
-32.630828
-17.329093
31.736697
-45.572202
73.586821
-75.196627
19.962338
48.320784
-59.719152
17.415539
3.748715
31.753706
-62.026134
17.718195
65.468601
-83.410732
9.269098
59.054115
-27.522467
-62.279330
83.812347
5.588840
-105.161063
98.502851
3.160247
-83.756267
66.164731
11.936999
-64.778594
56.161591
-9.993958
-41.785494
81.710946
-88.478037
40.757885
44.748864
-107.550182
101.248145
-44.962060
-5.512403
28.289258
-47.630757
75.557711
-78.994145
29.864518
37.345982
-58.431459
26.496314
-4.083561
31.812263
-62.892915
28.081138
53.961558
-86.299679
25.258994
48.559403
-32.145664
-55.839706
91.517607
-10.373327
-100.866053
111.899616
-13.082763
-78.744078
69.337475
10.687943
-66.659064
56.173489
-8.706043
-39.984303
79.654589
-94.655131
55.264510
33.444907
-108.024004
108.813428
-51.011545
-0.655892
19.448914
-37.209598
72.297378
-84.795595
36.762634
34.924665
-56.269500
19.604086
3.641523
30.255805
-66.585772
30.415916
54.121213
-83.575111
18.065957
54.418608
-32.742083
-56.537843
89.282538
-8.761539
-96.255863
103.492199
-8.412848
-78.480763
70.202881
6.470284
-64.972812
61.058540
-14.997537
-38.606638
80.315239
-90.118226
46.449990
37.748103
-103.975077
102.316732
-47.417824
-4.441120
27.724877
-45.865235
73.339084
-77.953997
29.561245
38.337615
-59.629469
26.304295
-2.781911
30.912146
-61.761631
24.642031
58.458063
-87.112290
21.117773
51.922046
-29.633751
-59.849928
87.877926
1.065559
-108.468382
106.571521
-0.699975
-84.457765
63.887166
18.519104
-67.280133
49.383527
0.122413
-47.400411
83.165526
-89.263228
38.622293
53.219600
-116.968855
101.807168
-36.622279
-12.440962
28.431450
-46.888363
78.037299
-77.625586
18.754630
48.909325
-56.807112
15.086288
0.531841
37.249135
-61.493256
10.442753
69.619188
-77.282521
-0.094240
58.575255
-16.398739
-69.541252
75.551299
21.977253
-110.718729
85.270312
22.334194
-89.621053
53.738118
29.753095
-71.685995
46.754154
8.985773
-58.539661
